//	APORTES	HIDRAULICOS	SEMANALES	1909-2022											
//	SE	GRABA	UN	ARCHIVO	DATOS.TXT	CON:	GUARDAR	COMO	----	TEXTO	CON	FORMATO	(DELIMITADO	POR	TABULACIONES)
//	LAS	CRONICAS	DEBEN	ESTAR	COMPLETAS	SI	SE	QUIERE	USAR	PARA	SERIES	HISTORICAS			
ID_ESTIMACION	2025Ab														
DURACION_PASO	SEMANA														
CANTIDAD_MAX_PASOS_ANUALES	52														
CANTIDAD_DE_CRONICAS	114
CRONICA	PASO	APORTE-CLAIRE
1909	1	6009.9
1909	2	4027.5
1909	3	2635.0
1909	4	1643.3000000000002
1909	5	1209.8
1909	6	1045.4
1909	7	1779.8000000000002
1909	8	2829.0
1909	9	3427.1
1909	10	2401.6
1909	11	1979.4
1909	12	1373.0
1909	13	963.2
1909	14	760.0
1909	15	682.7
1909	16	784.9
1909	17	1288.8
1909	18	1103.8
1909	19	896.9000000000001
1909	20	652.1
1909	21	535.9
1909	22	1754.2
1909	23	3999.8
1909	24	3709.4
1909	25	3399.7000000000003
1909	26	2710.9
1909	27	2966.1
1909	28	8081.099999999999
1909	29	6769.6
1909	30	4062.6
1909	31	4371.1
1909	32	4728.7
1909	33	5418.700000000001
1909	34	3588.7
1909	35	2147.9
1909	36	1435.2
1909	37	1797.0
1909	38	5177.9
1909	39	6037.8
1909	40	6479.9
1909	41	3825.0
1909	42	4663.7
1909	43	5573.0
1909	44	2548.0
1909	45	1647.7
1909	46	1143.9
1909	47	1021.1
1909	48	1335.9
1909	49	1234.3
1909	50	878.5
1909	51	1287.3
1909	52	1146.3
1910	1	918.9
1910	2	1097.2
1910	3	2244.0
1910	4	2620.6
1910	5	2814.3
1910	6	3631.7
1910	7	3107.1
1910	8	1956.4
1910	9	6314.8
1910	10	8861.5
1910	11	5227.0
1910	12	2200.0
1910	13	1364.6999999999998
1910	14	5035.0
1910	15	10709.6
1910	16	12937.9
1910	17	7678.299999999999
1910	18	7404.2
1910	19	5703.900000000001
1910	20	2806.7
1910	21	3704.1
1910	22	3955.7
1910	23	2330.6000000000004
1910	24	3658.2
1910	25	3415.3
1910	26	9294.9
1910	27	9138.5
1910	28	3820.0
1910	29	2297.8
1910	30	2520.4
1910	31	9292.7
1910	32	10219.0
1910	33	6417.4
1910	34	8428.1
1910	35	5846.0
1910	36	5682.6
1910	37	4585.5
1910	38	4858.3
1910	39	6154.299999999999
1910	40	5479.400000000001
1910	41	3073.5
1910	42	1969.7
1910	43	1448.3
1910	44	1352.8000000000002
1910	45	1078.3
1910	46	855.1
1910	47	732.1
1910	48	638.7
1910	49	712.4
1910	50	587.0
1910	51	567.6
1910	52	363.8
1911	1	384.8
1911	2	334.6
1911	3	498.4
1911	4	404.9
1911	5	672.0
1911	6	2154.8
1911	7	3356.7
1911	8	2024.4
1911	9	1319.9
1911	10	936.7
1911	11	605.0
1911	12	499.0
1911	13	970.9
1911	14	765.9
1911	15	2249.8
1911	16	6139.5
1911	17	5974.0
1911	18	6655.1
1911	19	6756.5
1911	20	8133.5
1911	21	14567.9
1911	22	8144.9
1911	23	2553.4
1911	24	1886.1
1911	25	5389.2
1911	26	8175.3
1911	27	6410.6
1911	28	4113.900000000001
1911	29	2339.7
1911	30	3495.0
1911	31	10168.5
1911	32	5598.5
1911	33	3049.7
1911	34	4108.4
1911	35	10959.1
1911	36	17501.6
1911	37	14171.7
1911	38	8469.8
1911	39	9066.7
1911	40	8869.0
1911	41	17248.8
1911	42	17842.2
1911	43	9744.8
1911	44	4053.0
1911	45	3052.7000000000003
1911	46	3344.7000000000003
1911	47	5353.599999999999
1911	48	7005.599999999999
1911	49	11620.9
1911	50	8461.8
1911	51	5366.700000000001
1911	52	6103.2
1912	1	18669.5
1912	2	15523.1
1912	3	8254.7
1912	4	3852.2
1912	5	2321.9
1912	6	1737.8
1912	7	1906.1
1912	8	1745.7
1912	9	4023.4
1912	10	2408.6
1912	11	1243.4
1912	12	941.0
1912	13	1736.8000000000002
1912	14	2315.3
1912	15	3536.9
1912	16	2780.2
1912	17	2345.7
1912	18	7498.999999999999
1912	19	13244.9
1912	20	17637.4
1912	21	17183.2
1912	22	17199.0
1912	23	11229.7
1912	24	7094.700000000001
1912	25	11815.6
1912	26	7893.7
1912	27	5400.5
1912	28	7556.0
1912	29	8608.1
1912	30	7399.9
1912	31	5546.099999999999
1912	32	9161.2
1912	33	17364.399999999998
1912	34	10104.1
1912	35	9319.5
1912	36	5647.400000000001
1912	37	3782.7
1912	38	4771.0
1912	39	6589.8
1912	40	4118.9
1912	41	2484.5
1912	42	1857.0
1912	43	1817.1
1912	44	3076.7000000000003
1912	45	4732.6
1912	46	4320.1
1912	47	3163.8
1912	48	2248.9
1912	49	1391.5
1912	50	2344.8
1912	51	1566.1
1912	52	1942.0
1913	1	1282.4
1913	2	1016.0
1913	3	873.6999999999999
1913	4	737.2
1913	5	1248.0
1913	6	1536.9
1913	7	946.1
1913	8	1618.8
1913	9	3552.7000000000003
1913	10	5032.6
1913	11	6389.9
1913	12	8451.4
1913	13	12363.0
1913	14	9050.3
1913	15	11306.8
1913	16	10399.2
1913	17	9247.4
1913	18	7565.0
1913	19	6521.7
1913	20	4595.0
1913	21	2506.1000000000004
1913	22	2527.2
1913	23	2802.0
1913	24	2863.5
1913	25	3165.7
1913	26	2628.3
1913	27	1684.1
1913	28	2439.1
1913	29	3548.4
1913	30	3967.2
1913	31	7924.6
1913	32	7743.0
1913	33	6070.9
1913	34	3861.3
1913	35	2923.6000000000004
1913	36	3324.2
1913	37	6655.5
1913	38	6766.9
1913	39	4802.0
1913	40	4919.700000000001
1913	41	9669.7
1913	42	12601.5
1913	43	7014.8
1913	44	7798.5
1913	45	6198.5
1913	46	3912.6
1913	47	3751.6
1913	48	2213.7
1913	49	1687.0
1913	50	1287.2
1913	51	1072.5
1913	52	1027.1
1914	1	1057.1
1914	2	1182.2
1914	3	1625.6
1914	4	1077.1
1914	5	1101.5
1914	6	1089.5
1914	7	918.7
1914	8	1275.5
1914	9	1353.5
1914	10	2166.5
1914	11	1933.9
1914	12	7728.8
1914	13	14020.6
1914	14	7596.2
1914	15	6858.5
1914	16	13999.3
1914	17	11484.1
1914	18	9088.4
1914	19	5639.3
1914	20	7299.5
1914	21	6992.4
1914	22	5447.5
1914	23	11160.8
1914	24	10028.7
1914	25	10986.8
1914	26	12781.9
1914	27	12794.9
1914	28	10689.3
1914	29	16071.1
1914	30	17737.1
1914	31	16275.1
1914	32	8929.5
1914	33	7619.0
1914	34	14596.4
1914	35	16335.5
1914	36	18368.5
1914	37	17378.3
1914	38	14567.7
1914	39	9833.0
1914	40	15705.3
1914	41	11959.4
1914	42	11905.1
1914	43	12978.6
1914	44	11474.9
1914	45	9333.3
1914	46	6917.1
1914	47	7580.0
1914	48	14597.2
1914	49	19409.1
1914	50	15728.0
1914	51	11112.6
1914	52	5203.0
1915	1	3370.4
1915	2	2759.6
1915	3	2111.0
1915	4	1832.1
1915	5	3646.5
1915	6	7230.900000000001
1915	7	5533.4
1915	8	4886.3
1915	9	5956.8
1915	10	6032.599999999999
1915	11	5384.5
1915	12	6105.4
1915	13	13271.6
1915	14	15118.1
1915	15	16513.399999999998
1915	16	16301.6
1915	17	17097.8
1915	18	16564.8
1915	19	22638.9
1915	20	17411.4
1915	21	13495.9
1915	22	13645.7
1915	23	13705.4
1915	24	9882.9
1915	25	9571.3
1915	26	10035.6
1915	27	9362.7
1915	28	7044.5
1915	29	4284.7
1915	30	4552.700000000001
1915	31	4473.200000000001
1915	32	3564.7000000000003
1915	33	2833.8
1915	34	4769.099999999999
1915	35	10185.9
1915	36	15213.6
1915	37	18367.6
1915	38	14060.0
1915	39	8682.2
1915	40	6198.9
1915	41	9057.5
1915	42	5766.299999999999
1915	43	3625.8
1915	44	2666.3
1915	45	2115.9
1915	46	1541.0
1915	47	1764.8
1915	48	2187.4
1915	49	1975.0
1915	50	1563.2
1915	51	927.7
1915	52	778.4
1916	1	1487.5
1916	2	1147.6
1916	3	809.4
1916	4	746.6
1916	5	1178.9
1916	6	3191.4
1916	7	2702.0
1916	8	2022.9
1916	9	1251.8
1916	10	1090.6999999999998
1916	11	802.8000000000001
1916	12	821.3000000000001
1916	13	584.4
1916	14	726.1
1916	15	442.4
1916	16	458.2
1916	17	444.9
1916	18	439.1
1916	19	358.79999999999995
1916	20	363.0
1916	21	927.7
1916	22	8188.2
1916	23	12423.0
1916	24	15690.0
1916	25	17779.9
1916	26	8579.4
1916	27	8704.3
1916	28	14483.3
1916	29	10721.5
1916	30	10022.1
1916	31	10937.3
1916	32	10892.6
1916	33	7073.0
1916	34	7403.599999999999
1916	35	5721.700000000001
1916	36	6079.7
1916	37	5804.3
1916	38	4751.2
1916	39	7070.900000000001
1916	40	7258.1
1916	41	8209.7
1916	42	3511.0
1916	43	2004.2
1916	44	1724.4
1916	45	1400.1
1916	46	1072.8
1916	47	878.2
1916	48	879.2
1916	49	1313.8000000000002
1916	50	2096.2
1916	51	1813.5
1916	52	1427.2
1917	1	952.7
1917	2	573.5
1917	3	505.7000000000001
1917	4	727.1
1917	5	1845.2
1917	6	1935.7
1917	7	799.6999999999999
1917	8	669.6
1917	9	834.5
1917	10	1240.9
1917	11	1074.8
1917	12	711.1
1917	13	684.7
1917	14	1053.7
1917	15	754.4
1917	16	652.3
1917	17	573.4000000000001
1917	18	482.9
1917	19	493.0
1917	20	350.40000000000003
1917	21	393.9
1917	22	314.8
1917	23	366.4
1917	24	454.4
1917	25	562.6999999999999
1917	26	551.1999999999999
1917	27	458.2000000000001
1917	28	725.9000000000001
1917	29	777.8000000000001
1917	30	574.8
1917	31	593.6
1917	32	668.3
1917	33	1044.1
1917	34	1183.4
1917	35	759.5
1917	36	1355.3
1917	37	1973.3
1917	38	1914.0
1917	39	1542.9
1917	40	1691.5
1917	41	2025.5
1917	42	1331.5
1917	43	1043.7
1917	44	918.0
1917	45	699.7
1917	46	408.6
1917	47	378.9
1917	48	330.0
1917	49	233.6
1917	50	265.5
1917	51	442.6
1917	52	1511.5
1918	1	1435.5
1918	2	1334.7
1918	3	1249.8
1918	4	823.4000000000001
1918	5	1026.7
1918	6	887.1999999999999
1918	7	1526.0
1918	8	1472.2
1918	9	3249.4
1918	10	2375.1
1918	11	2429.8
1918	12	1964.9
1918	13	3841.6
1918	14	6396.099999999999
1918	15	5769.7
1918	16	3666.8
1918	17	4364.7
1918	18	6765.3
1918	19	4058.9
1918	20	7644.200000000001
1918	21	12142.1
1918	22	11926.8
1918	23	11822.6
1918	24	10160.2
1918	25	10815.7
1918	26	6200.2
1918	27	6123.2
1918	28	6503.0
1918	29	4534.9
1918	30	2831.9
1918	31	2092.3
1918	32	1746.3
1918	33	1680.4
1918	34	1558.1
1918	35	1545.6
1918	36	1174.4
1918	37	3883.5
1918	38	5793.4
1918	39	14433.0
1918	40	17813.2
1918	41	12382.5
1918	42	6254.200000000001
1918	43	5698.9
1918	44	5348.0
1918	45	3495.4
1918	46	10112.9
1918	47	5385.700000000001
1918	48	5295.8
1918	49	2919.7
1918	50	2245.0
1918	51	3008.2000000000003
1918	52	2027.4
1919	1	1293.2
1919	2	954.4
1919	3	1050.3
1919	4	837.9
1919	5	716.5
1919	6	1052.6
1919	7	827.5999999999999
1919	8	1183.3
1919	9	1418.6
1919	10	1878.5
1919	11	2027.2
1919	12	1397.6
1919	13	991.9
1919	14	694.6
1919	15	910.4
1919	16	3675.5
1919	17	6028.4
1919	18	8305.8
1919	19	3603.7
1919	20	2685.0
1919	21	7271.1
1919	22	7766.0
1919	23	10976.6
1919	24	7383.400000000001
1919	25	4397.7
1919	26	9925.7
1919	27	12623.4
1919	28	8203.9
1919	29	11163.1
1919	30	9345.8
1919	31	10545.6
1919	32	7776.8
1919	33	6038.1
1919	34	7041.5
1919	35	7087.700000000001
1919	36	7330.9
1919	37	7710.599999999999
1919	38	13684.1
1919	39	8324.0
1919	40	11595.0
1919	41	11552.1
1919	42	7775.3
1919	43	8647.699999999999
1919	44	10089.8
1919	45	10602.5
1919	46	13007.3
1919	47	20542.8
1919	48	20796.0
1919	49	13187.6
1919	50	5266.2
1919	51	3469.5
1919	52	2766.1000000000004
1920	1	4098.2
1920	2	8635.0
1920	3	4687.700000000001
1920	4	2283.9
1920	5	2267.3
1920	6	2469.5
1920	7	2424.2
1920	8	1761.7
1920	9	1994.8
1920	10	1814.2
1920	11	1348.1
1920	12	2901.7
1920	13	2236.5
1920	14	2579.2
1920	15	1585.0
1920	16	1979.5
1920	17	2056.9
1920	18	1534.5
1920	19	1262.4
1920	20	1400.9
1920	21	1527.8
1920	22	3603.7
1920	23	7569.0
1920	24	6634.4
1920	25	6202.0
1920	26	12663.0
1920	27	15767.4
1920	28	10833.7
1920	29	7329.0
1920	30	12655.2
1920	31	12916.1
1920	32	8755.0
1920	33	5345.8
1920	34	3859.6
1920	35	2459.2
1920	36	1913.2
1920	37	1952.0
1920	38	5219.8
1920	39	10831.8
1920	40	13350.5
1920	41	8754.4
1920	42	9017.7
1920	43	6253.8
1920	44	3215.1000000000004
1920	45	4298.5
1920	46	4522.7
1920	47	3809.0
1920	48	3466.2
1920	49	2967.3
1920	50	2634.0
1920	51	4409.9
1920	52	2448.7
1921	1	1932.7
1921	2	1647.5
1921	3	1770.6
1921	4	1315.7
1921	5	2087.5
1921	6	1907.6
1921	7	2912.0
1921	8	4285.7
1921	9	4100.3
1921	10	2446.0
1921	11	1840.0
1921	12	1719.2
1921	13	3750.0
1921	14	8947.699999999999
1921	15	10167.6
1921	16	5342.3
1921	17	2017.5
1921	18	1767.9
1921	19	1853.4
1921	20	3826.9
1921	21	3539.1
1921	22	1965.8
1921	23	2687.6
1921	24	2553.9
1921	25	2303.7
1921	26	5171.5
1921	27	8738.8
1921	28	10028.8
1921	29	5643.0
1921	30	3674.1
1921	31	3182.5
1921	32	2884.3
1921	33	7286.3
1921	34	5212.4
1921	35	4559.6
1921	36	6462.5
1921	37	3688.4
1921	38	3398.1
1921	39	9204.5
1921	40	17220.2
1921	41	15324.0
1921	42	6951.6
1921	43	3621.8
1921	44	3299.4
1921	45	2500.4
1921	46	1671.5
1921	47	1284.4
1921	48	1120.4
1921	49	978.3
1921	50	769.7
1921	51	685.8
1921	52	1436.7
1922	1	1445.0
1922	2	1158.2
1922	3	1733.8000000000002
1922	4	1350.3
1922	5	1326.1
1922	6	5238.8
1922	7	3579.6
1922	8	1503.6
1922	9	938.0
1922	10	1003.3
1922	11	1649.9
1922	12	3055.8
1922	13	8155.7
1922	14	10370.5
1922	15	7874.2
1922	16	3406.6
1922	17	7676.1
1922	18	10189.6
1922	19	10703.9
1922	20	13107.9
1922	21	8240.8
1922	22	9960.8
1922	23	7275.1
1922	24	7138.200000000001
1922	25	12654.8
1922	26	15817.9
1922	27	18094.0
1922	28	12581.8
1922	29	5798.0
1922	30	7092.200000000001
1922	31	5727.7
1922	32	10603.8
1922	33	12446.0
1922	34	15020.3
1922	35	15926.2
1922	36	11008.0
1922	37	9336.5
1922	38	12005.2
1922	39	7344.400000000001
1922	40	6655.6
1922	41	5552.3
1922	42	5231.5
1922	43	2518.3
1922	44	1651.5
1922	45	1980.9
1922	46	1661.2
1922	47	1309.4
1922	48	1023.9
1922	49	984.8
1922	50	787.6999999999999
1922	51	1303.5
1922	52	1767.8
1923	1	939.9
1923	2	894.5
1923	3	1056.2
1923	4	2239.1000000000004
1923	5	2344.0
1923	6	2074.0
1923	7	1519.0
1923	8	918.9
1923	9	847.0
1923	10	764.1
1923	11	844.0
1923	12	702.6999999999999
1923	13	773.4
1923	14	502.4
1923	15	1120.9
1923	16	8505.6
1923	17	9923.1
1923	18	6809.7
1923	19	5018.9
1923	20	5458.900000000001
1923	21	9460.7
1923	22	9784.0
1923	23	7289.0
1923	24	13460.8
1923	25	19828.4
1923	26	20341.4
1923	27	9139.4
1923	28	7626.0
1923	29	7131.700000000001
1923	30	5968.0
1923	31	5407.5
1923	32	7208.9
1923	33	6931.6
1923	34	11009.9
1923	35	11445.5
1923	36	9739.3
1923	37	7332.4
1923	38	7281.0
1923	39	6977.4
1923	40	6456.5
1923	41	6338.0
1923	42	5176.6
1923	43	5162.099999999999
1923	44	8634.800000000001
1923	45	6067.7
1923	46	6611.4
1923	47	5276.6
1923	48	8719.800000000001
1923	49	7009.5
1923	50	9831.7
1923	51	11308.0
1923	52	9384.0
1924	1	6162.099999999999
1924	2	2869.8
1924	3	1592.8
1924	4	1039.7
1924	5	720.5999999999999
1924	6	647.6
1924	7	794.1999999999999
1924	8	1128.1
1924	9	812.2
1924	10	569.3000000000001
1924	11	522.5
1924	12	1925.3
1924	13	4374.900000000001
1924	14	5179.599999999999
1924	15	5310.3
1924	16	3406.5
1924	17	1765.7
1924	18	1019.0
1924	19	675.7
1924	20	581.8000000000001
1924	21	5776.9
1924	22	5786.2
1924	23	7242.0
1924	24	6223.6
1924	25	6037.200000000001
1924	26	8889.6
1924	27	7992.0
1924	28	5095.6
1924	29	3663.2
1924	30	2819.6
1924	31	3197.0
1924	32	5583.1
1924	33	6919.4
1924	34	4812.1
1924	35	2770.6
1924	36	2513.9
1924	37	7602.200000000001
1924	38	6606.4
1924	39	4501.700000000001
1924	40	3656.6
1924	41	2263.9
1924	42	1322.4
1924	43	969.9
1924	44	823.2
1924	45	835.8
1924	46	1004.7
1924	47	753.7
1924	48	797.0
1924	49	739.9
1924	50	705.4000000000001
1924	51	479.2
1924	52	541.5
1925	1	559.1
1925	2	839.3000000000001
1925	3	2927.5
1925	4	1738.5
1925	5	1747.2
1925	6	1772.6
1925	7	2278.8
1925	8	1701.4
1925	9	1747.7
1925	10	899.5999999999999
1925	11	790.6
1925	12	884.5
1925	13	907.0
1925	14	1267.7
1925	15	3748.9
1925	16	8484.7
1925	17	7311.900000000001
1925	18	6532.0
1925	19	16815.8
1925	20	15681.3
1925	21	20118.0
1925	22	18436.3
1925	23	11671.9
1925	24	3537.0
1925	25	2152.2
1925	26	4157.7
1925	27	2582.0
1925	28	2254.4
1925	29	1988.5
1925	30	2271.9
1925	31	1814.3
1925	32	1354.0
1925	33	1650.1
1925	34	5643.700000000001
1925	35	4495.9
1925	36	4647.2
1925	37	5454.5
1925	38	7345.7
1925	39	13135.0
1925	40	14513.0
1925	41	10055.1
1925	42	4420.7
1925	43	5384.099999999999
1925	44	5267.8
1925	45	2517.9
1925	46	1789.0
1925	47	2342.1
1925	48	4126.5
1925	49	3404.6
1925	50	3797.2
1925	51	6128.0
1925	52	3471.5
1926	1	2738.1000000000004
1926	2	1703.8
1926	3	2016.6
1926	4	4905.400000000001
1926	5	3959.2
1926	6	1914.8
1926	7	1303.3
1926	8	909.8
1926	9	913.5
1926	10	822.0
1926	11	866.8
1926	12	789.3
1926	13	535.2
1926	14	461.5
1926	15	728.6
1926	16	881.3000000000001
1926	17	1025.9
1926	18	763.8
1926	19	706.5
1926	20	1343.9
1926	21	5496.5
1926	22	6378.2
1926	23	9090.6
1926	24	7778.299999999999
1926	25	7079.099999999999
1926	26	4340.200000000001
1926	27	7716.7
1926	28	7263.3
1926	29	10991.0
1926	30	11568.1
1926	31	11688.4
1926	32	8109.200000000001
1926	33	7997.299999999999
1926	34	3943.0
1926	35	3814.8
1926	36	2773.6
1926	37	5663.900000000001
1926	38	6189.799999999999
1926	39	12547.9
1926	40	17206.6
1926	41	16587.6
1926	42	9583.0
1926	43	4267.3
1926	44	2096.3
1926	45	1825.1
1926	46	1623.7
1926	47	2227.0
1926	48	5042.5
1926	49	5325.099999999999
1926	50	4051.4
1926	51	2844.3
1926	52	1875.0
1927	1	1441.3
1927	2	953.9
1927	3	648.0
1927	4	672.4000000000001
1927	5	1593.9
1927	6	1719.4
1927	7	1110.1
1927	8	699.1
1927	9	680.1
1927	10	668.4
1927	11	1218.9
1927	12	1736.1
1927	13	1413.1
1927	14	1024.4
1927	15	1745.8
1927	16	1774.9
1927	17	944.7
1927	18	861.5
1927	19	769.3000000000001
1927	20	1115.5
1927	21	1009.0
1927	22	895.1
1927	23	1388.4
1927	24	7719.7
1927	25	7320.3
1927	26	4369.4
1927	27	4241.2
1927	28	4182.0
1927	29	2015.6
1927	30	1317.8
1927	31	1669.7
1927	32	1911.7
1927	33	1495.9
1927	34	1149.1
1927	35	980.1
1927	36	1514.8
1927	37	2435.0
1927	38	4196.5
1927	39	9730.1
1927	40	8821.5
1927	41	6528.2
1927	42	5624.700000000001
1927	43	5407.9
1927	44	8353.2
1927	45	8151.0
1927	46	15460.5
1927	47	17368.2
1927	48	5863.0
1927	49	2442.5
1927	50	1577.5
1927	51	1271.6999999999998
1927	52	817.0
1928	1	762.3
1928	2	608.8000000000001
1928	3	465.3
1928	4	1570.9
1928	5	5189.8
1928	6	2658.4
1928	7	1147.6
1928	8	1050.3
1928	9	3220.5
1928	10	4407.0
1928	11	2157.5
1928	12	1556.2
1928	13	3648.4
1928	14	3643.9
1928	15	5347.099999999999
1928	16	5092.9
1928	17	14082.5
1928	18	11100.1
1928	19	6576.7
1928	20	8691.699999999999
1928	21	8001.099999999999
1928	22	11110.0
1928	23	13742.5
1928	24	15594.0
1928	25	13604.1
1928	26	16238.0
1928	27	16153.5
1928	28	13079.8
1928	29	10276.5
1928	30	9666.3
1928	31	5402.2
1928	32	4761.5
1928	33	6499.2
1928	34	12547.6
1928	35	10423.8
1928	36	8694.0
1928	37	15489.1
1928	38	20161.6
1928	39	22520.6
1928	40	17301.6
1928	41	14004.5
1928	42	12412.5
1928	43	13695.5
1928	44	16833.7
1928	45	10030.3
1928	46	5626.5
1928	47	2949.6
1928	48	1858.4
1928	49	1570.7
1928	50	1457.9
1928	51	1075.1
1928	52	1204.6
1929	1	2964.1
1929	2	4129.9
1929	3	2881.3
1929	4	1641.3
1929	5	3532.7000000000003
1929	6	2280.7
1929	7	1164.7
1929	8	844.0999999999999
1929	9	2739.9
1929	10	5368.900000000001
1929	11	5268.4
1929	12	2410.9
1929	13	1594.9
1929	14	1045.5
1929	15	776.3
1929	16	656.6
1929	17	598.8000000000001
1929	18	491.0
1929	19	897.6999999999999
1929	20	1580.1
1929	21	1473.3
1929	22	1174.6
1929	23	1262.4
1929	24	5996.7
1929	25	4343.099999999999
1929	26	4991.299999999999
1929	27	6295.4
1929	28	5698.299999999999
1929	29	5443.9
1929	30	7202.5
1929	31	5022.700000000001
1929	32	3560.9
1929	33	3633.4
1929	34	9905.9
1929	35	10167.1
1929	36	8458.9
1929	37	8158.0
1929	38	9783.9
1929	39	18881.8
1929	40	19709.5
1929	41	20410.0
1929	42	27115.8
1929	43	24881.2
1929	44	16839.9
1929	45	8062.0
1929	46	3332.3
1929	47	1626.0
1929	48	1599.9
1929	49	1290.2
1929	50	1425.9
1929	51	1308.1
1929	52	1954.0
1930	1	3905.9
1930	2	5610.2
1930	3	4094.7
1930	4	2974.8
1930	5	1630.8
1930	6	1457.6
1930	7	3010.7
1930	8	2762.5
1930	9	1567.2
1930	10	1799.3
1930	11	3487.8
1930	12	3330.8
1930	13	3574.0
1930	14	2034.6
1930	15	1290.3
1930	16	950.9
1930	17	1909.9
1930	18	9810.8
1930	19	18526.7
1930	20	13088.7
1930	21	7651.6
1930	22	6991.299999999999
1930	23	7794.400000000001
1930	24	7121.2
1930	25	6834.1
1930	26	7124.9
1930	27	6189.1
1930	28	5349.1
1930	29	3436.1000000000004
1930	30	2651.9
1930	31	2373.1
1930	32	2732.8
1930	33	6941.4
1930	34	8122.1
1930	35	11629.7
1930	36	17504.3
1930	37	11136.5
1930	38	5820.6
1930	39	4072.7
1930	40	3949.1
1930	41	3162.8
1930	42	4299.599999999999
1930	43	5596.3
1930	44	6521.2
1930	45	3354.0
1930	46	3074.4
1930	47	3849.6
1930	48	3905.3
1930	49	3348.3
1930	50	3235.0
1930	51	2712.7
1930	52	1925.8
1931	1	2320.9
1931	2	3105.1000000000004
1931	3	3762.7
1931	4	2826.6000000000004
1931	5	2488.1000000000004
1931	6	1353.9
1931	7	716.5
1931	8	507.0
1931	9	484.0
1931	10	635.2
1931	11	522.0
1931	12	811.7
1931	13	785.9000000000001
1931	14	632.3000000000001
1931	15	648.0
1931	16	631.4000000000001
1931	17	911.8
1931	18	4611.5
1931	19	7333.0
1931	20	3723.8
1931	21	7699.7
1931	22	8622.5
1931	23	7211.2
1931	24	9813.6
1931	25	8892.599999999999
1931	26	8635.1
1931	27	7379.3
1931	28	9615.7
1931	29	6598.599999999999
1931	30	9088.8
1931	31	7559.6
1931	32	4649.7
1931	33	3913.5
1931	34	5209.4
1931	35	6045.200000000001
1931	36	4388.5
1931	37	5265.1
1931	38	10144.1
1931	39	6400.2
1931	40	3572.1
1931	41	3587.0
1931	42	2817.0
1931	43	1596.5
1931	44	1618.5
1931	45	1951.1
1931	46	3454.3
1931	47	3044.5
1931	48	2131.1
1931	49	1478.0
1931	50	910.0
1931	51	910.3
1931	52	732.2
1932	1	1108.0
1932	2	1656.7
1932	3	935.0
1932	4	673.6999999999999
1932	5	728.1
1932	6	1415.9
1932	7	2776.5
1932	8	1745.9
1932	9	1375.9
1932	10	3759.3
1932	11	4615.0
1932	12	2552.2
1932	13	2170.4
1932	14	2837.1
1932	15	11073.2
1932	16	20144.0
1932	17	19882.4
1932	18	19977.2
1932	19	12349.4
1932	20	8584.6
1932	21	9949.0
1932	22	15373.3
1932	23	16417.9
1932	24	9316.3
1932	25	8608.9
1932	26	9110.1
1932	27	11539.1
1932	28	13656.2
1932	29	9660.5
1932	30	6646.200000000001
1932	31	6905.4
1932	32	12877.9
1932	33	11380.1
1932	34	7270.3
1932	35	5258.7
1932	36	4192.8
1932	37	5381.7
1932	38	11471.3
1932	39	9986.5
1932	40	10360.7
1932	41	14790.2
1932	42	9697.8
1932	43	7874.900000000001
1932	44	8500.6
1932	45	4252.5
1932	46	2889.5
1932	47	2698.3
1932	48	2561.8
1932	49	2378.0
1932	50	1950.8
1932	51	1966.8
1932	52	2487.9
1933	1	2461.0
1933	2	1377.0
1933	3	885.5
1933	4	808.5
1933	5	763.2
1933	6	1541.1
1933	7	1258.5
1933	8	746.0
1933	9	1336.7
1933	10	2226.8
1933	11	2886.1
1933	12	1770.9
1933	13	947.3
1933	14	593.4
1933	15	544.7
1933	16	936.8
1933	17	1008.5
1933	18	581.9000000000001
1933	19	566.3000000000001
1933	20	653.3
1933	21	732.8
1933	22	961.9
1933	23	1304.6
1933	24	1353.0
1933	25	1694.1999999999998
1933	26	2138.1
1933	27	1877.6
1933	28	2299.5
1933	29	1407.6
1933	30	1758.9
1933	31	3112.0
1933	32	2513.1
1933	33	1590.6
1933	34	1767.6999999999998
1933	35	2314.9
1933	36	3443.6
1933	37	2617.2000000000003
1933	38	2785.3
1933	39	6868.099999999999
1933	40	6705.799999999999
1933	41	9888.6
1933	42	9819.7
1933	43	4152.2
1933	44	4542.3
1933	45	9642.7
1933	46	4357.099999999999
1933	47	1876.2
1933	48	1363.1
1933	49	1024.3
1933	50	921.2
1933	51	725.5
1933	52	541.8
1934	1	520.1
1934	2	1289.9
1934	3	1259.9
1934	4	1159.8000000000002
1934	5	1587.7
1934	6	3280.1
1934	7	3522.0
1934	8	3722.4
1934	9	5009.599999999999
1934	10	2934.1
1934	11	6337.2
1934	12	5064.5
1934	13	4092.1
1934	14	4372.4
1934	15	5195.6
1934	16	2827.8
1934	17	3223.5
1934	18	5673.2
1934	19	7976.9
1934	20	3830.4
1934	21	2855.3
1934	22	2779.0
1934	23	5473.4
1934	24	8095.099999999999
1934	25	8548.6
1934	26	8589.6
1934	27	5747.299999999999
1934	28	4370.2
1934	29	3063.6000000000004
1934	30	3154.6
1934	31	3179.8
1934	32	6487.8
1934	33	4758.9
1934	34	3752.4
1934	35	2514.4
1934	36	2543.7
1934	37	4796.900000000001
1934	38	6508.2
1934	39	4358.0
1934	40	3478.6
1934	41	4979.2
1934	42	4910.4
1934	43	5134.3
1934	44	9185.2
1934	45	6937.9
1934	46	4086.2
1934	47	2799.0
1934	48	1903.0
1934	49	2535.9
1934	50	2691.7000000000003
1934	51	1569.6
1934	52	1091.1
1935	1	801.2
1935	2	1069.0
1935	3	1153.8000000000002
1935	4	1465.5
1935	5	1306.1
1935	6	853.0
1935	7	587.2
1935	8	661.0
1935	9	768.7
1935	10	2544.8
1935	11	2295.9
1935	12	1992.3
1935	13	1393.3
1935	14	777.8
1935	15	618.5
1935	16	1019.0
1935	17	674.4
1935	18	416.3
1935	19	262.79999999999995
1935	20	367.9
1935	21	287.9
1935	22	458.5
1935	23	1023.3
1935	24	1450.7
1935	25	3129.0
1935	26	3826.1
1935	27	3161.9
1935	28	4043.2
1935	29	8660.1
1935	30	8187.3
1935	31	4662.200000000001
1935	32	7281.299999999999
1935	33	8041.6
1935	34	6967.5
1935	35	7208.4
1935	36	3982.6
1935	37	4944.4
1935	38	6762.3
1935	39	10016.3
1935	40	7125.3
1935	41	12507.1
1935	42	22063.6
1935	43	21980.800000000003
1935	44	10890.5
1935	45	4518.7
1935	46	2994.4
1935	47	2986.8
1935	48	2772.7
1935	49	7954.299999999999
1935	50	13006.8
1935	51	8929.1
1935	52	5707.1
1936	1	4366.7
1936	2	5259.7
1936	3	3272.2
1936	4	7917.599999999999
1936	5	3515.1
1936	6	1915.5
1936	7	1203.1
1936	8	884.3000000000001
1936	9	855.1
1936	10	645.5
1936	11	533.1
1936	12	3140.2
1936	13	8029.8
1936	14	7239.6
1936	15	3537.4
1936	16	2405.9
1936	17	1869.5
1936	18	4327.1
1936	19	12727.3
1936	20	20722.4
1936	21	19631.4
1936	22	17507.9
1936	23	16946.8
1936	24	24646.9
1936	25	21621.3
1936	26	10703.3
1936	27	8618.2
1936	28	11136.2
1936	29	8440.4
1936	30	10516.1
1936	31	9490.9
1936	32	7039.8
1936	33	6819.0
1936	34	6443.4
1936	35	9694.5
1936	36	9964.4
1936	37	5887.0
1936	38	3199.0
1936	39	5512.7
1936	40	12229.9
1936	41	15956.8
1936	42	15429.6
1936	43	5043.8
1936	44	4174.5
1936	45	3232.7
1936	46	3703.4
1936	47	2307.3
1936	48	1447.7
1936	49	1108.7
1936	50	979.7
1936	51	2684.7
1936	52	2670.1000000000004
1937	1	2430.9
1937	2	1792.6
1937	3	1146.0
1937	4	756.5
1937	5	533.6
1937	6	542.8
1937	7	725.9
1937	8	1879.4
1937	9	4472.2
1937	10	5902.6
1937	11	9428.8
1937	12	4078.4
1937	13	2904.8
1937	14	1674.8000000000002
1937	15	1169.6
1937	16	1709.0
1937	17	2550.5
1937	18	1782.1
1937	19	4307.2
1937	20	3779.6
1937	21	2783.9
1937	22	1647.6999999999998
1937	23	1025.3
1937	24	755.5999999999999
1937	25	1067.6
1937	26	2270.1
1937	27	3111.0
1937	28	4248.0
1937	29	6390.5
1937	30	6699.7
1937	31	5994.4
1937	32	7258.0
1937	33	8080.4
1937	34	7587.3
1937	35	6139.900000000001
1937	36	5555.7
1937	37	4000.6
1937	38	8432.0
1937	39	14253.6
1937	40	10603.3
1937	41	5760.900000000001
1937	42	6214.599999999999
1937	43	5117.5
1937	44	2664.0
1937	45	3383.5
1937	46	6239.6
1937	47	8935.4
1937	48	4309.7
1937	49	2448.3
1937	50	2540.4
1937	51	1964.9
1937	52	1134.6
1938	1	875.9
1938	2	5750.0
1938	3	7547.2
1938	4	8576.4
1938	5	8632.9
1938	6	8352.0
1938	7	9275.1
1938	8	6108.2
1938	9	2529.7
1938	10	2973.3
1938	11	2937.8
1938	12	3986.7
1938	13	12459.7
1938	14	8011.7
1938	15	5330.6
1938	16	4194.8
1938	17	13173.1
1938	18	13230.3
1938	19	16694.9
1938	20	6617.3
1938	21	4534.3
1938	22	10208.4
1938	23	6893.599999999999
1938	24	4029.8
1938	25	4119.9
1938	26	10043.0
1938	27	13131.2
1938	28	9370.0
1938	29	6164.8
1938	30	6477.799999999999
1938	31	5702.9
1938	32	4694.5
1938	33	3240.3
1938	34	2200.8
1938	35	2398.4
1938	36	4475.2
1938	37	4432.3
1938	38	3620.3
1938	39	3191.5
1938	40	5429.8
1938	41	3070.6
1938	42	1917.3
1938	43	1442.0
1938	44	2954.7
1938	45	4370.1
1938	46	2224.6
1938	47	1882.7
1938	48	2326.6
1938	49	2631.6
1938	50	1835.1
1938	51	959.5
1938	52	555.0
1939	1	510.8
1939	2	639.5999999999999
1939	3	1211.2
1939	4	1152.4
1939	5	1460.8
1939	6	898.1
1939	7	608.8
1939	8	661.9000000000001
1939	9	2026.1
1939	10	3399.5
1939	11	4002.3
1939	12	2573.8
1939	13	3691.2
1939	14	1994.7
1939	15	1657.5
1939	16	10186.5
1939	17	4699.400000000001
1939	18	2098.2
1939	19	1289.6
1939	20	5595.1
1939	21	12816.2
1939	22	11482.0
1939	23	4165.9
1939	24	2753.9
1939	25	2866.8
1939	26	7683.6
1939	27	15980.4
1939	28	15510.9
1939	29	5603.5
1939	30	2561.0
1939	31	2365.7000000000003
1939	32	2165.3
1939	33	1630.4
1939	34	2523.3
1939	35	9173.2
1939	36	11161.7
1939	37	11252.0
1939	38	10045.9
1939	39	8129.1
1939	40	7781.400000000001
1939	41	5157.9
1939	42	8087.900000000001
1939	43	6003.3
1939	44	5109.9
1939	45	7686.9
1939	46	9329.0
1939	47	5764.7
1939	48	5845.3
1939	49	10008.9
1939	50	13119.6
1939	51	9572.8
1939	52	4347.0
1940	1	2310.9
1940	2	2502.6000000000004
1940	3	7317.5
1940	4	5888.900000000001
1940	5	5199.400000000001
1940	6	3408.8
1940	7	3018.1
1940	8	2620.1
1940	9	1926.7
1940	10	1202.0
1940	11	1332.7
1940	12	1537.1
1940	13	4203.4
1940	14	9078.3
1940	15	14535.7
1940	16	13301.9
1940	17	14347.0
1940	18	15155.9
1940	19	10816.6
1940	20	7595.5
1940	21	8718.2
1940	22	13741.0
1940	23	9550.6
1940	24	9642.3
1940	25	14402.7
1940	26	12197.3
1940	27	6666.9
1940	28	9056.1
1940	29	16374.3
1940	30	19795.8
1940	31	18059.9
1940	32	12139.9
1940	33	7620.0
1940	34	8137.9
1940	35	7682.400000000001
1940	36	11028.9
1940	37	10754.2
1940	38	7178.5
1940	39	4944.2
1940	40	7164.1
1940	41	10122.1
1940	42	7236.1
1940	43	4356.5
1940	44	2691.6
1940	45	2526.9
1940	46	2800.3
1940	47	7319.099999999999
1940	48	7530.799999999999
1940	49	16328.8
1940	50	15696.5
1940	51	12452.7
1940	52	7695.4
1941	1	3278.1000000000004
1941	2	3184.7000000000003
1941	3	2525.2000000000003
1941	4	1937.2
1941	5	1825.7
1941	6	4828.5
1941	7	8277.3
1941	8	8471.900000000001
1941	9	7193.3
1941	10	3998.7
1941	11	1481.4
1941	12	2979.1000000000004
1941	13	6168.0
1941	14	2776.9
1941	15	13050.4
1941	16	19379.9
1941	17	28473.0
1941	18	30795.6
1941	19	33674.8
1941	20	27203.4
1941	21	11727.9
1941	22	10536.7
1941	23	7711.099999999999
1941	24	7409.5
1941	25	9991.1
1941	26	14434.5
1941	27	8985.8
1941	28	4565.400000000001
1941	29	5780.7
1941	30	8450.8
1941	31	13302.9
1941	32	24286.8
1941	33	22321.7
1941	34	18881.7
1941	35	14256.9
1941	36	11400.3
1941	37	6392.5
1941	38	5802.7
1941	39	7847.0
1941	40	6353.8
1941	41	10729.3
1941	42	6113.0
1941	43	2799.8
1941	44	2405.3
1941	45	4666.2
1941	46	9435.5
1941	47	10559.3
1941	48	8530.699999999999
1941	49	6665.400000000001
1941	50	8330.8
1941	51	8273.699999999999
1941	52	5037.799999999999
1942	1	2233.0
1942	2	1453.4
1942	3	1333.6999999999998
1942	4	2028.5
1942	5	2011.6
1942	6	1848.3
1942	7	3399.9
1942	8	1480.9
1942	9	1577.9
1942	10	1159.8
1942	11	1212.9
1942	12	1548.8
1942	13	3581.6000000000004
1942	14	7053.7
1942	15	3371.1
1942	16	3360.5
1942	17	9048.8
1942	18	12922.9
1942	19	10093.3
1942	20	13918.4
1942	21	17838.3
1942	22	14484.5
1942	23	12373.9
1942	24	8574.5
1942	25	10063.8
1942	26	12972.6
1942	27	10068.7
1942	28	8691.5
1942	29	5211.9
1942	30	3988.1
1942	31	7136.5
1942	32	13297.7
1942	33	10667.2
1942	34	7899.3
1942	35	6502.5
1942	36	7614.2
1942	37	4399.599999999999
1942	38	4159.5
1942	39	4476.1
1942	40	5323.0
1942	41	9289.7
1942	42	6165.900000000001
1942	43	2997.1000000000004
1942	44	2742.5
1942	45	1624.1
1942	46	1083.3000000000002
1942	47	868.5
1942	48	810.5
1942	49	753.5999999999999
1942	50	620.5999999999999
1942	51	554.1
1942	52	537.7
1943	1	526.4
1943	2	357.0
1943	3	337.40000000000003
1943	4	445.1
1943	5	337.2
1943	6	317.8
1943	7	346.3
1943	8	502.7
1943	9	570.1999999999999
1943	10	496.6
1943	11	463.8
1943	12	564.6999999999999
1943	13	1124.1
1943	14	987.0
1943	15	673.9
1943	16	475.4
1943	17	305.2
1943	18	689.3
1943	19	2321.2
1943	20	673.6
1943	21	637.0
1943	22	5922.0
1943	23	8807.7
1943	24	7618.7
1943	25	6024.0
1943	26	6114.099999999999
1943	27	5800.6
1943	28	7427.900000000001
1943	29	4893.4
1943	30	2914.2000000000003
1943	31	3003.2000000000003
1943	32	9276.6
1943	33	4661.3
1943	34	2679.1
1943	35	2137.4
1943	36	1646.0
1943	37	1833.7
1943	38	3685.7
1943	39	6919.4
1943	40	3901.5
1943	41	3580.8
1943	42	4526.8
1943	43	2878.2000000000003
1943	44	1735.7
1943	45	1857.1
1943	46	1543.0
1943	47	1572.5
1943	48	1261.1
1943	49	826.9
1943	50	767.1999999999999
1943	51	983.0
1943	52	778.4
1944	1	604.0
1944	2	3448.9
1944	3	4040.5
1944	4	3534.8
1944	5	1613.1999999999998
1944	6	991.9
1944	7	806.5
1944	8	544.6
1944	9	872.9000000000001
1944	10	2227.2
1944	11	1398.1
1944	12	1366.1
1944	13	1538.1
1944	14	955.8
1944	15	686.0999999999999
1944	16	1103.3
1944	17	669.5
1944	18	570.8
1944	19	2490.6
1944	20	1936.9
1944	21	1354.6999999999998
1944	22	998.1
1944	23	1094.1
1944	24	875.5999999999999
1944	25	718.6999999999999
1944	26	2944.9
1944	27	5694.7
1944	28	2779.7
1944	29	2178.2
1944	30	1388.1
1944	31	819.4
1944	32	766.0
1944	33	1456.7
1944	34	1228.0
1944	35	832.4
1944	36	622.6999999999999
1944	37	1117.5
1944	38	1367.8
1944	39	2884.7000000000003
1944	40	6128.1
1944	41	8342.6
1944	42	7286.4
1944	43	4826.9
1944	44	3782.7
1944	45	3498.8
1944	46	2315.1
1944	47	1728.1
1944	48	917.9
1944	49	672.5
1944	50	630.6
1944	51	398.8
1944	52	350.40000000000003
1945	1	177.4
1945	2	277.40000000000003
1945	3	207.0
1945	4	150.7
1945	5	278.6
1945	6	623.6
1945	7	483.5
1945	8	471.9
1945	9	648.9
1945	10	624.4
1945	11	438.5
1945	12	398.3
1945	13	398.3
1945	14	380.6
1945	15	288.40000000000003
1945	16	204.0
1945	17	482.9
1945	18	304.7
1945	19	1052.1
1945	20	678.5
1945	21	468.2
1945	22	320.4
1945	23	191.9
1945	24	240.8
1945	25	335.2
1945	26	335.2
1945	27	498.4
1945	28	548.3
1945	29	1680.6999999999998
1945	30	2101.1
1945	31	3272.4
1945	32	3034.1
1945	33	1476.6999999999998
1945	34	1939.8
1945	35	2196.6
1945	36	2660.9
1945	37	3595.7
1945	38	6101.0
1945	39	8606.9
1945	40	5029.5
1945	41	2456.1
1945	42	1898.1
1945	43	1609.1
1945	44	1333.1
1945	45	2527.9
1945	46	4603.1
1945	47	4355.8
1945	48	5199.1
1945	49	8710.4
1945	50	4617.1
1945	51	2288.0
1945	52	1804.9
1946	1	1038.6
1946	2	799.5
1946	3	3126.3
1946	4	7204.1
1946	5	8469.6
1946	6	6833.4
1946	7	9859.1
1946	8	5348.299999999999
1946	9	3026.2000000000003
1946	10	2710.0
1946	11	1761.6
1946	12	1382.0
1946	13	1235.3
1946	14	2784.9
1946	15	1457.3
1946	16	872.0
1946	17	773.8
1946	18	960.5
1946	19	2972.9
1946	20	4391.6
1946	21	6716.7
1946	22	5477.9
1946	23	4164.1
1946	24	2475.5
1946	25	4577.599999999999
1946	26	8621.2
1946	27	6933.3
1946	28	6062.2
1946	29	7076.3
1946	30	4635.3
1946	31	3181.2
1946	32	3514.3
1946	33	2801.7
1946	34	3428.4
1946	35	3428.4
1946	36	4855.0
1946	37	4252.7
1946	38	4448.799999999999
1946	39	4432.4
1946	40	6613.7
1946	41	15171.6
1946	42	12774.4
1946	43	10060.8
1946	44	7222.9
1946	45	3663.3
1946	46	2880.5
1946	47	4787.1
1946	48	4787.1
1946	49	5757.8
1946	50	7272.900000000001
1946	51	10931.9
1946	52	5007.1
1947	1	2619.0
1947	2	2825.8
1947	3	3740.1
1947	4	3946.1
1947	5	2054.1
1947	6	3773.4
1947	7	2496.7
1947	8	2446.8
1947	9	1858.9
1947	10	1676.7
1947	11	1237.0
1947	12	1082.3
1947	13	965.0
1947	14	1728.4
1947	15	1489.7
1947	16	1961.5
1947	17	1835.8
1947	18	4764.099999999999
1947	19	6191.400000000001
1947	20	17700.399999999998
1947	21	7532.3
1947	22	7396.5
1947	23	3776.9
1947	24	8967.4
1947	25	12956.1
1947	26	8412.7
1947	27	6610.9
1947	28	6107.2
1947	29	3983.7
1947	30	3810.6
1947	31	3020.0
1947	32	3046.1
1947	33	2764.7
1947	34	2059.2
1947	35	1973.7
1947	36	3316.0
1947	37	3255.4
1947	38	5094.4
1947	39	12621.7
1947	40	10667.8
1947	41	6604.3
1947	42	5520.1
1947	43	3356.2
1947	44	2211.5
1947	45	1725.5
1947	46	1177.2
1947	47	935.2
1947	48	913.7
1947	49	858.3
1947	50	1357.9
1947	51	2130.9
1947	52	1430.4
1948	1	1170.8
1948	2	2217.6
1948	3	2079.4
1948	4	1428.2
1948	5	1028.0
1948	6	1735.0
1948	7	1494.8
1948	8	1816.1
1948	9	5260.5
1948	10	4199.0
1948	11	2388.4
1948	12	2281.6
1948	13	2123.1000000000004
1948	14	3206.8
1948	15	9955.8
1948	16	15663.3
1948	17	11821.1
1948	18	10092.9
1948	19	12716.2
1948	20	7245.7
1948	21	8226.3
1948	22	5727.0
1948	23	5559.4
1948	24	6877.099999999999
1948	25	7855.599999999999
1948	26	6532.6
1948	27	11413.4
1948	28	12170.0
1948	29	7083.3
1948	30	8967.2
1948	31	8370.4
1948	32	10688.1
1948	33	6069.6
1948	34	3061.3
1948	35	2074.0
1948	36	3044.8
1948	37	3344.2
1948	38	6595.5
1948	39	16381.5
1948	40	14178.4
1948	41	10314.0
1948	42	4776.6
1948	43	3041.8
1948	44	7305.3
1948	45	7425.8
1948	46	4419.5
1948	47	3151.8
1948	48	3283.9
1948	49	2257.1
1948	50	1467.0
1948	51	839.8
1948	52	664.4
1949	1	825.6
1949	2	569.8
1949	3	1413.7
1949	4	1040.3
1949	5	694.5
1949	6	578.4
1949	7	610.1999999999999
1949	8	424.9
1949	9	793.3
1949	10	1099.7
1949	11	5481.4
1949	12	3288.9
1949	13	4156.8
1949	14	6807.7
1949	15	3867.4
1949	16	1979.3
1949	17	1759.3
1949	18	1598.1
1949	19	2100.0
1949	20	1685.6
1949	21	1464.1
1949	22	1269.6
1949	23	1213.5
1949	24	3184.9
1949	25	8338.4
1949	26	9268.8
1949	27	7058.3
1949	28	7315.2
1949	29	4455.7
1949	30	3837.6
1949	31	3390.9
1949	32	3530.5
1949	33	3167.8
1949	34	4664.200000000001
1949	35	5016.6
1949	36	7480.3
1949	37	4631.0
1949	38	6200.900000000001
1949	39	6189.4
1949	40	13238.4
1949	41	14402.0
1949	42	9469.3
1949	43	5201.0
1949	44	2705.8
1949	45	1572.4
1949	46	1261.1
1949	47	924.0
1949	48	907.4
1949	49	866.2
1949	50	587.5
1949	51	611.0
1949	52	559.5
1950	1	488.8
1950	2	670.1999999999999
1950	3	943.6
1950	4	1062.1
1950	5	745.2
1950	6	586.1
1950	7	571.7
1950	8	734.6
1950	9	937.8
1950	10	1210.5
1950	11	1784.0
1950	12	1059.1
1950	13	646.2
1950	14	1713.1
1950	15	2447.0
1950	16	1673.0
1950	17	6213.1
1950	18	2663.4
1950	19	1903.4
1950	20	1557.1999999999998
1950	21	3896.8
1950	22	8631.1
1950	23	9534.7
1950	24	8631.8
1950	25	11235.8
1950	26	19358.3
1950	27	13751.0
1950	28	9130.7
1950	29	6637.0
1950	30	4140.3
1950	31	5919.5
1950	32	5450.6
1950	33	5226.7
1950	34	8672.9
1950	35	4896.0
1950	36	5776.700000000001
1950	37	5265.5
1950	38	6982.6
1950	39	6259.1
1950	40	4970.099999999999
1950	41	3187.6
1950	42	5879.599999999999
1950	43	12840.0
1950	44	9019.1
1950	45	2642.3
1950	46	2734.5
1950	47	5719.099999999999
1950	48	2689.3
1950	49	1803.9
1950	50	3071.0
1950	51	1729.8
1950	52	1191.1
1951	1	1911.5
1951	2	1237.1
1951	3	1957.4
1951	4	3123.0
1951	5	3501.9
1951	6	3705.6
1951	7	2706.5
1951	8	4155.0
1951	9	7014.2
1951	10	3543.8
1951	11	2819.8
1951	12	2253.7000000000003
1951	13	2137.6
1951	14	1514.3
1951	15	1853.0
1951	16	1389.1999999999998
1951	17	1007.2
1951	18	1030.5
1951	19	913.4
1951	20	1017.4
1951	21	1227.0
1951	22	1084.6
1951	23	2237.0
1951	24	1802.7
1951	25	4893.5
1951	26	5795.5
1951	27	3321.7
1951	28	1938.7
1951	29	1280.8
1951	30	774.6
1951	31	794.5999999999999
1951	32	599.8
1951	33	622.0999999999999
1951	34	1190.2
1951	35	2778.8
1951	36	1891.8
1951	37	2799.3
1951	38	2238.5
1951	39	1863.5
1951	40	1841.1
1951	41	4438.1
1951	42	13009.1
1951	43	12489.7
1951	44	5623.599999999999
1951	45	3663.1
1951	46	10020.5
1951	47	9579.6
1951	48	6107.4
1951	49	4381.3
1951	50	2418.1
1951	51	1500.8
1951	52	930.4
1952	1	852.1999999999999
1952	2	726.1
1952	3	681.1999999999999
1952	4	678.4000000000001
1952	5	808.7
1952	6	896.8000000000001
1952	7	668.2
1952	8	703.3000000000001
1952	9	767.7
1952	10	613.5999999999999
1952	11	547.9
1952	12	1058.7
1952	13	3645.1
1952	14	4188.1
1952	15	2300.0
1952	16	1266.8
1952	17	699.1999999999999
1952	18	502.1
1952	19	477.0
1952	20	1955.9
1952	21	8370.0
1952	22	8703.9
1952	23	11135.8
1952	24	8863.7
1952	25	4977.8
1952	26	5596.599999999999
1952	27	8068.700000000001
1952	28	5772.2
1952	29	10504.1
1952	30	13723.0
1952	31	13378.0
1952	32	9272.8
1952	33	8214.3
1952	34	5226.3
1952	35	6534.0
1952	36	5629.6
1952	37	5732.4
1952	38	4771.6
1952	39	4358.8
1952	40	5497.5
1952	41	9886.1
1952	42	10345.7
1952	43	7616.299999999999
1952	44	4029.1
1952	45	3139.1
1952	46	2677.0
1952	47	2628.8
1952	48	2224.1000000000004
1952	49	1503.7
1952	50	1091.7
1952	51	821.8
1952	52	839.6
1953	1	536.5
1953	2	1001.1
1953	3	2563.4
1953	4	2614.9
1953	5	1711.6999999999998
1953	6	2240.8
1953	7	1332.3
1953	8	1093.0
1953	9	1106.3
1953	10	876.7
1953	11	868.0
1953	12	1092.6
1953	13	969.9
1953	14	1031.7
1953	15	870.7
1953	16	1462.4
1953	17	2239.6
1953	18	2443.2
1953	19	2142.2
1953	20	1759.0
1953	21	1172.3000000000002
1953	22	6110.299999999999
1953	23	4088.6
1953	24	1942.5
1953	25	3731.6
1953	26	11489.8
1953	27	9324.5
1953	28	5031.2
1953	29	2831.8
1953	30	2237.0
1953	31	2598.2
1953	32	1511.1
1953	33	1152.4
1953	34	991.1
1953	35	3164.3
1953	36	6538.1
1953	37	8552.4
1953	38	10491.4
1953	39	14043.3
1953	40	21527.4
1953	41	20092.5
1953	42	10154.8
1953	43	16051.9
1953	44	15898.9
1953	45	12843.7
1953	46	5784.5
1953	47	3171.2000000000003
1953	48	2202.2
1953	49	1700.6
1953	50	1672.5
1953	51	1477.6
1953	52	1062.9
1954	1	1054.9
1954	2	1554.2
1954	3	3792.6
1954	4	5193.099999999999
1954	5	2274.5
1954	6	1622.0
1954	7	1407.5
1954	8	1312.5
1954	9	5319.9
1954	10	7333.0
1954	11	6062.299999999999
1954	12	2653.5
1954	13	1692.5
1954	14	1191.6
1954	15	3008.1
1954	16	2914.6
1954	17	3904.7
1954	18	7419.6
1954	19	4159.0
1954	20	2556.8
1954	21	5521.9
1954	22	6962.2
1954	23	12845.3
1954	24	13158.9
1954	25	22695.7
1954	26	19430.2
1954	27	13309.5
1954	28	18051.3
1954	29	17937.0
1954	30	16222.0
1954	31	15708.3
1954	32	7778.7
1954	33	5260.0
1954	34	3740.1
1954	35	2729.1
1954	36	2169.3
1954	37	5407.7
1954	38	15108.1
1954	39	15834.2
1954	40	13966.7
1954	41	12254.1
1954	42	14956.9
1954	43	17715.7
1954	44	17455.4
1954	45	7512.599999999999
1954	46	3361.1
1954	47	2001.5
1954	48	1341.6
1954	49	1010.4
1954	50	860.1
1954	51	1436.5
1954	52	3806.6
1955	1	3406.6
1955	2	1713.4
1955	3	1087.8
1955	4	1320.9
1955	5	1149.8
1955	6	1540.8000000000002
1955	7	2466.6
1955	8	2815.9
1955	9	2101.2
1955	10	1274.6
1955	11	983.5
1955	12	1105.8
1955	13	1189.5
1955	14	4021.1
1955	15	8229.5
1955	16	9245.5
1955	17	14911.3
1955	18	14332.7
1955	19	13186.4
1955	20	11817.0
1955	21	12786.1
1955	22	11416.3
1955	23	7260.3
1955	24	10441.1
1955	25	12618.4
1955	26	10094.9
1955	27	5384.3
1955	28	8257.9
1955	29	14826.8
1955	30	7812.9
1955	31	3910.4
1955	32	3557.9
1955	33	2862.2000000000003
1955	34	2552.6
1955	35	3984.5
1955	36	3696.6
1955	37	4278.5
1955	38	5875.7
1955	39	3827.1
1955	40	1882.7
1955	41	2138.0
1955	42	5369.8
1955	43	3778.7
1955	44	1735.4
1955	45	1466.0
1955	46	1144.0
1955	47	783.2
1955	48	695.4000000000001
1955	49	924.1
1955	50	793.5
1955	51	1066.1
1955	52	692.4
1956	1	834.8
1956	2	2387.2
1956	3	4127.2
1956	4	4269.9
1956	5	7780.8
1956	6	8547.0
1956	7	4662.7
1956	8	2343.8
1956	9	1463.2
1956	10	951.6
1956	11	1444.4
1956	12	4309.900000000001
1956	13	3838.9
1956	14	3749.6
1956	15	10932.5
1956	16	11596.2
1956	17	4683.900000000001
1956	18	2165.4
1956	19	3855.1
1956	20	7344.900000000001
1956	21	3480.9
1956	22	2232.4
1956	23	2155.2
1956	24	2424.7
1956	25	2465.5
1956	26	2415.2
1956	27	2453.1
1956	28	3940.0
1956	29	2823.7
1956	30	3523.8
1956	31	3302.2
1956	32	5896.400000000001
1956	33	5797.5
1956	34	5581.7
1956	35	7425.0
1956	36	6861.7
1956	37	2877.0
1956	38	5725.400000000001
1956	39	15189.2
1956	40	14326.0
1956	41	13782.2
1956	42	6274.700000000001
1956	43	5427.0
1956	44	3736.7
1956	45	2645.6
1956	46	1660.1
1956	47	1021.2
1956	48	782.1999999999999
1956	49	698.9
1956	50	673.0
1956	51	764.1
1956	52	733.0
1957	1	492.9
1957	2	673.6
1957	3	1370.5
1957	4	1116.5
1957	5	1201.8
1957	6	2124.4
1957	7	1930.6
1957	8	1268.7
1957	9	896.6
1957	10	733.4
1957	11	845.6
1957	12	778.3
1957	13	850.5
1957	14	682.5
1957	15	860.3000000000001
1957	16	841.5
1957	17	928.0
1957	18	2646.8
1957	19	1641.0
1957	20	1007.2
1957	21	1355.1
1957	22	3397.0
1957	23	3247.7
1957	24	6458.5
1957	25	4303.1
1957	26	3307.2
1957	27	4959.9
1957	28	3932.5
1957	29	4723.0
1957	30	4758.5
1957	31	6865.2
1957	32	5619.700000000001
1957	33	7373.400000000001
1957	34	7606.7
1957	35	10032.6
1957	36	8694.1
1957	37	14276.6
1957	38	13839.6
1957	39	10607.2
1957	40	6061.5
1957	41	9963.4
1957	42	8554.599999999999
1957	43	10784.8
1957	44	11228.8
1957	45	7500.0
1957	46	3438.2000000000003
1957	47	2532.5
1957	48	2528.8
1957	49	2116.0
1957	50	2233.3
1957	51	1798.0
1957	52	2420.2000000000003
1958	1	7046.7
1958	2	4794.6
1958	3	2324.2
1958	4	1363.6
1958	5	1056.2
1958	6	895.2
1958	7	3554.9
1958	8	3968.1
1958	9	3467.3
1958	10	2185.8
1958	11	1735.3
1958	12	4300.0
1958	13	2186.1
1958	14	1577.8
1958	15	4746.3
1958	16	4843.7
1958	17	2181.6
1958	18	1590.4
1958	19	1874.9
1958	20	3179.6
1958	21	2513.0
1958	22	2765.8
1958	23	3448.9
1958	24	3612.5
1958	25	5823.9
1958	26	3852.7
1958	27	4448.9
1958	28	2734.2
1958	29	1658.7
1958	30	1529.6999999999998
1958	31	7091.900000000001
1958	32	9839.6
1958	33	8973.1
1958	34	7411.4
1958	35	5325.4
1958	36	8317.5
1958	37	10845.4
1958	38	9712.7
1958	39	5989.9
1958	40	7015.6
1958	41	12134.1
1958	42	8094.4
1958	43	3532.6
1958	44	2234.9
1958	45	2228.6000000000004
1958	46	4600.5
1958	47	9846.3
1958	48	9257.7
1958	49	10981.4
1958	50	11174.2
1958	51	9254.1
1958	52	4986.3
1959	1	2530.1
1959	2	2045.5
1959	3	1652.9
1959	4	2480.3
1959	5	2595.5
1959	6	3297.5
1959	7	7042.9
1959	8	3776.1
1959	9	3665.7
1959	10	2566.5
1959	11	1981.2
1959	12	5510.7
1959	13	6754.6
1959	14	10933.9
1959	15	37881.6
1959	16	37150.6
1959	17	20683.4
1959	18	20285.0
1959	19	13791.9
1959	20	10668.5
1959	21	12063.0
1959	22	10409.8
1959	23	7534.5
1959	24	5123.1
1959	25	5535.200000000001
1959	26	12265.5
1959	27	12784.3
1959	28	8340.6
1959	29	5054.8
1959	30	3587.2
1959	31	3082.6000000000004
1959	32	2602.6000000000004
1959	33	2560.6
1959	34	6278.900000000001
1959	35	12977.4
1959	36	13340.4
1959	37	9273.3
1959	38	7604.3
1959	39	7801.3
1959	40	10867.3
1959	41	10664.8
1959	42	14737.4
1959	43	11414.6
1959	44	11274.3
1959	45	12556.7
1959	46	7758.4
1959	47	3074.3
1959	48	1887.1
1959	49	1954.2
1959	50	2445.6
1959	51	1874.9
1959	52	1474.0
1960	1	1247.5
1960	2	998.2
1960	3	988.7
1960	4	816.4000000000001
1960	5	758.8
1960	6	633.8
1960	7	665.8000000000001
1960	8	1605.6
1960	9	1575.5
1960	10	1926.1
1960	11	1426.1
1960	12	1079.7
1960	13	984.2
1960	14	1037.7
1960	15	1401.1
1960	16	1182.1
1960	17	752.6
1960	18	720.6
1960	19	610.9
1960	20	407.7
1960	21	353.40000000000003
1960	22	1126.4
1960	23	1076.2
1960	24	1902.3
1960	25	2583.3
1960	26	5192.3
1960	27	6837.4
1960	28	5335.2
1960	29	9156.3
1960	30	9694.7
1960	31	9766.0
1960	32	9425.7
1960	33	8107.200000000001
1960	34	8037.900000000001
1960	35	9883.2
1960	36	11761.9
1960	37	10135.2
1960	38	9637.6
1960	39	14247.1
1960	40	14542.0
1960	41	12247.8
1960	42	10241.0
1960	43	10899.0
1960	44	11569.8
1960	45	8461.8
1960	46	5176.1
1960	47	4161.900000000001
1960	48	2180.6
1960	49	1734.8
1960	50	1446.1
1960	51	1046.6
1960	52	1012.7
1961	1	1048.4
1961	2	1359.3000000000002
1961	3	3063.2
1961	4	1773.5
1961	5	1116.2
1961	6	929.0
1961	7	1015.7
1961	8	1387.7
1961	9	1285.3000000000002
1961	10	2076.7
1961	11	2336.7
1961	12	9715.2
1961	13	9353.8
1961	14	4717.2
1961	15	4644.8
1961	16	7565.099999999999
1961	17	9012.2
1961	18	5510.5
1961	19	2742.5
1961	20	4639.599999999999
1961	21	11858.0
1961	22	7720.4
1961	23	4208.099999999999
1961	24	8828.2
1961	25	8477.6
1961	26	8049.2
1961	27	7017.1
1961	28	6641.6
1961	29	6702.8
1961	30	7168.3
1961	31	4396.1
1961	32	2816.9
1961	33	1833.0
1961	34	1866.4
1961	35	5946.299999999999
1961	36	12686.2
1961	37	11751.2
1961	38	12986.8
1961	39	14694.9
1961	40	14922.6
1961	41	17702.9
1961	42	11545.1
1961	43	17462.5
1961	44	20202.1
1961	45	16622.0
1961	46	9892.6
1961	47	4366.3
1961	48	3498.8
1961	49	5668.5
1961	50	4810.5
1961	51	2399.4
1961	52	2085.8
1962	1	1714.0
1962	2	1123.0
1962	3	1262.5
1962	4	1010.6
1962	5	803.6
1962	6	919.2
1962	7	1105.5
1962	8	855.7
1962	9	1147.8
1962	10	922.0
1962	11	994.6
1962	12	6010.6
1962	13	5993.6
1962	14	4976.1
1962	15	4163.8
1962	16	2514.3
1962	17	1482.2
1962	18	1086.3
1962	19	922.6
1962	20	1341.6
1962	21	6816.799999999999
1962	22	3426.4
1962	23	2261.3
1962	24	1693.3000000000002
1962	25	1299.0
1962	26	1314.6
1962	27	2354.9
1962	28	2154.4
1962	29	3704.9
1962	30	2440.3
1962	31	1817.2
1962	32	3028.7
1962	33	3071.8
1962	34	2225.5
1962	35	1956.8
1962	36	2960.5
1962	37	8862.1
1962	38	12334.9
1962	39	9006.3
1962	40	3260.5
1962	41	2259.3
1962	42	1741.6
1962	43	2418.6
1962	44	1819.6
1962	45	1722.0
1962	46	1492.6
1962	47	1489.9
1962	48	1531.6
1962	49	1290.0
1962	50	982.4
1962	51	800.8000000000001
1962	52	579.1
1963	1	919.8
1963	2	1175.0
1963	3	1275.1
1963	4	2599.3
1963	5	4019.9
1963	6	4988.8
1963	7	2568.4
1963	8	1737.5
1963	9	1552.9
1963	10	3423.6
1963	11	3481.7
1963	12	4776.7
1963	13	7163.8
1963	14	6366.4
1963	15	3197.5
1963	16	1770.7
1963	17	1330.3
1963	18	1650.9
1963	19	1279.6
1963	20	3085.2
1963	21	2280.9
1963	22	1240.5
1963	23	1100.2
1963	24	3245.8
1963	25	4403.6
1963	26	1790.5
1963	27	1474.5
1963	28	1793.7
1963	29	3700.6
1963	30	4096.1
1963	31	2786.2
1963	32	1854.1
1963	33	3034.8
1963	34	6231.299999999999
1963	35	8688.099999999999
1963	36	11320.6
1963	37	9946.7
1963	38	7055.9
1963	39	11173.1
1963	40	14753.3
1963	41	17055.4
1963	42	17715.300000000003
1963	43	18681.8
1963	44	20845.3
1963	45	20590.9
1963	46	24686.0
1963	47	10753.9
1963	48	12634.7
1963	49	14453.4
1963	50	11973.1
1963	51	6613.3
1963	52	3192.9
1964	1	2194.8
1964	2	1458.6
1964	3	971.8
1964	4	795.4
1964	5	854.3
1964	6	1673.0
1964	7	1349.1999999999998
1964	8	1764.5
1964	9	2550.9
1964	10	3424.9
1964	11	6154.5
1964	12	3517.4
1964	13	3120.2
1964	14	3091.8
1964	15	7631.7
1964	16	6354.3
1964	17	9325.2
1964	18	9229.4
1964	19	6223.9
1964	20	3002.5
1964	21	2368.3
1964	22	2050.2
1964	23	2890.7
1964	24	1989.9
1964	25	1512.1
1964	26	1688.3
1964	27	1120.1
1964	28	989.4
1964	29	1482.7
1964	30	1481.3
1964	31	1719.1
1964	32	2766.3
1964	33	3542.8
1964	34	4795.6
1964	35	8105.2
1964	36	7908.400000000001
1964	37	6386.5
1964	38	4673.3
1964	39	2819.7
1964	40	5463.3
1964	41	5136.9
1964	42	2561.6
1964	43	3579.1000000000004
1964	44	3321.3
1964	45	2863.6000000000004
1964	46	1391.9
1964	47	1082.0
1964	48	1379.5
1964	49	1005.0
1964	50	973.5
1964	51	1227.5
1964	52	947.8
1965	1	1105.1999999999998
1965	2	1115.8
1965	3	715.5
1965	4	498.8
1965	5	588.4
1965	6	751.5
1965	7	1126.4
1965	8	765.3000000000001
1965	9	594.3
1965	10	611.3
1965	11	665.0
1965	12	492.4
1965	13	604.1
1965	14	516.7
1965	15	847.9
1965	16	3965.9
1965	17	2812.9
1965	18	2958.8
1965	19	4380.4
1965	20	5012.1
1965	21	4474.2
1965	22	2163.6
1965	23	2945.8
1965	24	4256.3
1965	25	3663.8
1965	26	2217.2
1965	27	4040.4
1965	28	7014.7
1965	29	4434.0
1965	30	4309.0
1965	31	4225.0
1965	32	2923.3
1965	33	4931.0
1965	34	11064.8
1965	35	20551.7
1965	36	15379.0
1965	37	18528.300000000003
1965	38	22322.4
1965	39	14679.8
1965	40	10414.9
1965	41	10454.1
1965	42	7281.0
1965	43	8569.7
1965	44	13597.2
1965	45	9228.5
1965	46	5240.6
1965	47	4491.099999999999
1965	48	2860.6
1965	49	5530.7
1965	50	4982.3
1965	51	10704.0
1965	52	17523.3
1966	1	11855.0
1966	2	5030.1
1966	3	3182.5
1966	4	5809.099999999999
1966	5	8198.8
1966	6	4636.4
1966	7	2866.0
1966	8	8793.5
1966	9	12395.9
1966	10	13457.6
1966	11	9249.2
1966	12	9551.4
1966	13	12052.5
1966	14	14267.5
1966	15	9710.8
1966	16	14252.7
1966	17	9523.4
1966	18	8719.5
1966	19	4951.2
1966	20	2882.2
1966	21	1886.4
1966	22	2038.0
1966	23	1502.5
1966	24	3629.7
1966	25	8637.199999999999
1966	26	9322.5
1966	27	7784.200000000001
1966	28	5038.1
1966	29	4576.8
1966	30	14690.5
1966	31	24043.6
1966	32	15938.8
1966	33	11146.4
1966	34	5614.2
1966	35	4893.6
1966	36	7902.200000000001
1966	37	11497.9
1966	38	13261.2
1966	39	11132.4
1966	40	5797.2
1966	41	10700.1
1966	42	11630.2
1966	43	8491.1
1966	44	8653.2
1966	45	8207.4
1966	46	7435.0
1966	47	6457.7
1966	48	3570.2
1966	49	6151.7
1966	50	15708.4
1966	51	12560.3
1966	52	5040.0
1967	1	3741.8
1967	2	2847.9
1967	3	2904.8
1967	4	2235.6
1967	5	2276.5
1967	6	1382.6999999999998
1967	7	1038.8000000000002
1967	8	1284.0
1967	9	1863.1
1967	10	4559.2
1967	11	4432.2
1967	12	1869.1
1967	13	1396.7
1967	14	1533.5
1967	15	1757.2
1967	16	1170.1
1967	17	885.8
1967	18	744.4
1967	19	635.5
1967	20	844.3
1967	21	2153.3
1967	22	8684.8
1967	23	8800.8
1967	24	4572.7
1967	25	13182.0
1967	26	13680.1
1967	27	9893.2
1967	28	8884.8
1967	29	13269.7
1967	30	12739.8
1967	31	10221.0
1967	32	9235.9
1967	33	10467.0
1967	34	10406.0
1967	35	18265.6
1967	36	17335.0
1967	37	14007.6
1967	38	12116.2
1967	39	10712.9
1967	40	11198.7
1967	41	13903.8
1967	42	17367.0
1967	43	12712.1
1967	44	9036.3
1967	45	5215.7
1967	46	4576.9
1967	47	2343.9
1967	48	1705.7
1967	49	1766.2
1967	50	3342.6
1967	51	1914.6
1967	52	1032.2
1968	1	591.2
1968	2	626.5
1968	3	640.9
1968	4	827.0
1968	5	710.0
1968	6	894.3
1968	7	1023.1
1968	8	818.0
1968	9	574.6
1968	10	487.2
1968	11	546.3
1968	12	1947.0
1968	13	2346.8
1968	14	1524.6999999999998
1968	15	1089.5
1968	16	889.6
1968	17	1076.0
1968	18	2915.3
1968	19	1832.6
1968	20	1327.6
1968	21	1348.9
1968	22	1467.1999999999998
1968	23	1401.8
1968	24	2283.0
1968	25	2440.6
1968	26	2509.5
1968	27	1953.0
1968	28	8922.1
1968	29	10129.7
1968	30	4138.1
1968	31	2429.7000000000003
1968	32	1510.6
1968	33	1409.2
1968	34	1629.4
1968	35	1308.0
1968	36	1367.8
1968	37	1721.1
1968	38	3310.3
1968	39	5729.700000000001
1968	40	7926.900000000001
1968	41	8757.8
1968	42	4013.8
1968	43	4387.2
1968	44	9937.7
1968	45	14454.6
1968	46	11178.3
1968	47	3478.8
1968	48	2145.1
1968	49	1378.8000000000002
1968	50	2526.9
1968	51	3827.7
1968	52	5546.799999999999
1969	1	6680.900000000001
1969	2	11477.6
1969	3	9933.1
1969	4	2940.8
1969	5	2323.1
1969	6	3617.2
1969	7	6427.7
1969	8	10756.5
1969	9	6716.0
1969	10	3772.9
1969	11	3321.1
1969	12	2460.4
1969	13	2826.0
1969	14	6249.900000000001
1969	15	4387.3
1969	16	2558.3
1969	17	2046.6
1969	18	5833.599999999999
1969	19	4889.900000000001
1969	20	3926.0
1969	21	6712.9
1969	22	6765.2
1969	23	4801.0
1969	24	8592.4
1969	25	12311.5
1969	26	7556.1
1969	27	3894.2
1969	28	4375.2
1969	29	4134.2
1969	30	3240.8
1969	31	4282.4
1969	32	4066.5
1969	33	3688.5
1969	34	3546.4
1969	35	2768.8
1969	36	2109.6
1969	37	2167.1
1969	38	2916.8
1969	39	4300.4
1969	40	4041.1
1969	41	2226.5
1969	42	1564.5
1969	43	2273.7
1969	44	3862.1
1969	45	10055.6
1969	46	12975.8
1969	47	5741.6
1969	48	3547.8
1969	49	2356.7
1969	50	1852.0
1969	51	1183.6999999999998
1969	52	900.6
1970	1	3312.7
1970	2	3441.4
1970	3	2066.2
1970	4	1249.4
1970	5	1236.1
1970	6	4239.3
1970	7	2957.1
1970	8	1058.7
1970	9	1083.0
1970	10	929.8
1970	11	2159.6
1970	12	4257.2
1970	13	3740.9
1970	14	2949.1000000000004
1970	15	1559.9
1970	16	1159.2
1970	17	871.8
1970	18	1506.4
1970	19	4756.400000000001
1970	20	7436.2
1970	21	6596.400000000001
1970	22	5586.0
1970	23	5599.9
1970	24	7646.299999999999
1970	25	15259.7
1970	26	14288.5
1970	27	10444.2
1970	28	11060.2
1970	29	8062.0
1970	30	6028.0
1970	31	9912.6
1970	32	12131.9
1970	33	7959.2
1970	34	4635.5
1970	35	4286.3
1970	36	2753.0
1970	37	3799.7
1970	38	3655.5
1970	39	2978.4
1970	40	7282.299999999999
1970	41	5656.2
1970	42	6533.5
1970	43	6066.5
1970	44	7297.4
1970	45	4339.0
1970	46	1881.7
1970	47	1423.0
1970	48	960.5
1970	49	789.1
1970	50	1393.1
1970	51	5518.8
1970	52	9718.8
1971	1	8581.5
1971	2	8802.2
1971	3	7618.200000000001
1971	4	9701.7
1971	5	15489.2
1971	6	13936.8
1971	7	9993.5
1971	8	9184.0
1971	9	5318.599999999999
1971	10	3665.7
1971	11	3955.4
1971	12	7748.4
1971	13	5524.5
1971	14	3905.6
1971	15	2326.5
1971	16	3846.7
1971	17	7571.8
1971	18	5789.2
1971	19	7994.3
1971	20	6890.7
1971	21	5544.0
1971	22	4737.8
1971	23	3352.7
1971	24	8306.4
1971	25	4799.4
1971	26	8112.599999999999
1971	27	12357.1
1971	28	14037.5
1971	29	6897.8
1971	30	5029.200000000001
1971	31	5116.900000000001
1971	32	4658.299999999999
1971	33	13039.2
1971	34	14134.2
1971	35	7235.099999999999
1971	36	4702.1
1971	37	5305.5
1971	38	6402.1
1971	39	3843.1
1971	40	2322.3
1971	41	2027.5
1971	42	2807.8
1971	43	2042.9
1971	44	1293.7
1971	45	1113.4
1971	46	998.5
1971	47	659.1
1971	48	440.2000000000001
1971	49	472.5
1971	50	579.2
1971	51	1287.4
1971	52	877.8
1972	1	757.4000000000001
1972	2	733.5
1972	3	1294.2
1972	4	1145.9
1972	5	1212.6
1972	6	1009.0
1972	7	929.5
1972	8	1558.0
1972	9	3327.0
1972	10	2340.2
1972	11	1372.3
1972	12	1759.3
1972	13	2807.6
1972	14	2064.6
1972	15	3911.4
1972	16	2918.7
1972	17	3492.7
1972	18	2529.6
1972	19	1939.2
1972	20	1717.3
1972	21	3785.0
1972	22	4855.6
1972	23	6641.9
1972	24	18027.2
1972	25	26287.800000000003
1972	26	17279.7
1972	27	11310.4
1972	28	12948.2
1972	29	14226.5
1972	30	21040.3
1972	31	15615.9
1972	32	10453.4
1972	33	16124.7
1972	34	19133.4
1972	35	17119.100000000002
1972	36	24169.1
1972	37	22587.5
1972	38	17907.3
1972	39	20007.8
1972	40	20316.3
1972	41	14634.0
1972	42	6244.2
1972	43	9428.6
1972	44	14680.3
1972	45	12550.8
1972	46	13232.1
1972	47	10213.8
1972	48	6303.0
1972	49	8311.3
1972	50	10278.1
1972	51	3878.2
1972	52	2444.1
1973	1	3182.3
1973	2	10875.3
1973	3	9954.2
1973	4	8305.800000000001
1973	5	7783.799999999999
1973	6	15661.6
1973	7	13426.3
1973	8	16199.7
1973	9	10051.8
1973	10	6495.7
1973	11	3956.1
1973	12	2595.6
1973	13	2419.7
1973	14	5642.8
1973	15	5221.900000000001
1973	16	8832.0
1973	17	14364.3
1973	18	17778.0
1973	19	16656.2
1973	20	7286.2
1973	21	9494.6
1973	22	10680.6
1973	23	13849.9
1973	24	13152.3
1973	25	12741.6
1973	26	12522.5
1973	27	17312.4
1973	28	19232.7
1973	29	22738.4
1973	30	24778.4
1973	31	12708.3
1973	32	6490.0
1973	33	11766.1
1973	34	12006.8
1973	35	13893.5
1973	36	8058.5
1973	37	9642.5
1973	38	13681.6
1973	39	10441.8
1973	40	7872.9
1973	41	7174.7
1973	42	6159.0
1973	43	7558.2
1973	44	4424.4
1973	45	3359.3
1973	46	2067.0
1973	47	1876.6
1973	48	1492.5
1973	49	1405.1
1973	50	1800.6999999999998
1973	51	1961.0
1973	52	1939.6
1974	1	3819.2
1974	2	5351.3
1974	3	4148.9
1974	4	4959.9
1974	5	3702.5
1974	6	4633.599999999999
1974	7	4211.1
1974	8	4404.7
1974	9	3501.8
1974	10	3284.6
1974	11	3300.6000000000004
1974	12	2421.6000000000004
1974	13	2538.2000000000003
1974	14	1693.8
1974	15	1152.4
1974	16	1066.8
1974	17	1540.6
1974	18	1603.3000000000002
1974	19	1047.4
1974	20	4736.5
1974	21	10626.9
1974	22	9832.8
1974	23	5082.2
1974	24	8494.5
1974	25	7757.9
1974	26	8960.0
1974	27	5094.2
1974	28	3647.3
1974	29	6336.4
1974	30	5553.9
1974	31	5774.1
1974	32	6172.8
1974	33	4502.9
1974	34	5100.7
1974	35	5358.7
1974	36	6675.599999999999
1974	37	4258.8
1974	38	7972.799999999999
1974	39	9793.7
1974	40	5250.7
1974	41	2507.2
1974	42	1080.4
1974	43	1150.4
1974	44	3059.6
1974	45	1907.0
1974	46	1874.6
1974	47	3628.7
1974	48	3644.4
1974	49	4856.5
1974	50	2666.9
1974	51	3141.0
1974	52	3828.2
1975	1	2165.5
1975	2	2335.4
1975	3	5033.7
1975	4	3814.0
1975	5	2380.6
1975	6	3631.3
1975	7	2179.3
1975	8	1382.7
1975	9	2085.0
1975	10	2776.4
1975	11	6690.8
1975	12	6096.5
1975	13	4911.7
1975	14	4815.5
1975	15	2353.5
1975	16	1958.9
1975	17	5781.8
1975	18	4383.6
1975	19	9285.1
1975	20	10932.5
1975	21	4454.2
1975	22	4367.2
1975	23	7454.9
1975	24	5655.6
1975	25	4067.8
1975	26	5910.4
1975	27	4702.1
1975	28	4215.8
1975	29	4344.599999999999
1975	30	3071.5
1975	31	2802.3
1975	32	4327.400000000001
1975	33	12271.8
1975	34	11188.1
1975	35	8471.5
1975	36	7610.0
1975	37	11318.8
1975	38	16227.3
1975	39	15330.6
1975	40	13736.8
1975	41	11750.6
1975	42	5043.099999999999
1975	43	3118.7
1975	44	8078.9
1975	45	5363.5
1975	46	3463.7
1975	47	3772.2
1975	48	4107.599999999999
1975	49	3044.0
1975	50	8829.0
1975	51	5354.599999999999
1975	52	2550.3
1976	1	2331.5
1976	2	4475.0
1976	3	7448.0
1976	4	5224.7
1976	5	4948.900000000001
1976	6	4015.4
1976	7	2319.3
1976	8	1907.0
1976	9	2046.1
1976	10	6230.099999999999
1976	11	7719.3
1976	12	6474.6
1976	13	4043.9
1976	14	2599.8
1976	15	3226.0
1976	16	4917.400000000001
1976	17	3845.6
1976	18	2299.4
1976	19	2511.2
1976	20	1950.9
1976	21	2088.5
1976	22	4971.2
1976	23	9546.6
1976	24	5963.0
1976	25	3376.1
1976	26	2459.1000000000004
1976	27	2219.8
1976	28	1926.6
1976	29	3914.8
1976	30	8491.8
1976	31	8440.2
1976	32	12564.1
1976	33	11976.7
1976	34	7426.0
1976	35	5800.5
1976	36	4786.6
1976	37	6659.2
1976	38	3847.3
1976	39	2153.1
1976	40	2834.6
1976	41	3069.9
1976	42	3571.3
1976	43	5880.2
1976	44	3988.4
1976	45	9977.4
1976	46	9547.2
1976	47	3567.3
1976	48	2558.3
1976	49	4930.0
1976	50	5091.1
1976	51	3928.1
1976	52	3237.3
1977	1	5081.5
1977	2	4884.3
1977	3	6719.599999999999
1977	4	8718.5
1977	5	5186.7
1977	6	4433.400000000001
1977	7	12213.8
1977	8	9557.8
1977	9	11631.7
1977	10	8793.7
1977	11	6648.4
1977	12	3036.3
1977	13	4243.9
1977	14	4971.9
1977	15	5993.5
1977	16	9808.6
1977	17	5526.799999999999
1977	18	5509.4
1977	19	5318.0
1977	20	3329.1
1977	21	2808.8
1977	22	2700.4
1977	23	2816.8
1977	24	2136.1
1977	25	2657.5
1977	26	9104.6
1977	27	8852.3
1977	28	11234.7
1977	29	12807.3
1977	30	18413.800000000003
1977	31	18035.4
1977	32	15861.2
1977	33	9627.7
1977	34	9631.4
1977	35	10480.3
1977	36	5472.3
1977	37	5336.7
1977	38	8103.8
1977	39	8031.3
1977	40	3607.8
1977	41	10920.4
1977	42	8978.8
1977	43	8251.3
1977	44	4603.6
1977	45	4104.2
1977	46	6818.299999999999
1977	47	7672.099999999999
1977	48	6206.900000000001
1977	49	5582.3
1977	50	6030.2
1977	51	3930.2
1977	52	2708.6000000000004
1978	1	2843.9
1978	2	1746.3000000000002
1978	3	1325.5
1978	4	2770.1
1978	5	8584.7
1978	6	4385.3
1978	7	2650.1000000000004
1978	8	1640.9
1978	9	1038.7
1978	10	952.4
1978	11	2430.4
1978	12	5169.4
1978	13	3854.4
1978	14	1369.4
1978	15	1037.1
1978	16	652.8000000000001
1978	17	620.5
1978	18	541.7
1978	19	499.3
1978	20	1155.6999999999998
1978	21	1300.0
1978	22	901.5
1978	23	563.4
1978	24	761.5999999999999
1978	25	3103.3
1978	26	6626.5
1978	27	6394.0
1978	28	5260.8
1978	29	5484.5
1978	30	7404.4
1978	31	14622.0
1978	32	8593.4
1978	33	5197.200000000001
1978	34	3268.3
1978	35	2645.1000000000004
1978	36	1573.8
1978	37	2540.6000000000004
1978	38	10574.8
1978	39	3560.7
1978	40	5332.4
1978	41	3215.4
1978	42	3055.8
1978	43	2936.7
1978	44	6437.6
1978	45	5791.1
1978	46	4754.2
1978	47	10139.9
1978	48	18400.0
1978	49	11910.3
1978	50	6019.8
1978	51	3268.7
1978	52	1879.0
1979	1	1187.0
1979	2	893.5
1979	3	574.8
1979	4	546.1
1979	5	501.5
1979	6	461.9
1979	7	840.5
1979	8	938.8
1979	9	1755.7
1979	10	1900.6
1979	11	1467.6999999999998
1979	12	1013.0
1979	13	984.5
1979	14	594.9000000000001
1979	15	1045.8
1979	16	4424.700000000001
1979	17	1954.3
1979	18	903.7
1979	19	8039.7
1979	20	8663.4
1979	21	7291.799999999999
1979	22	3636.0
1979	23	2311.2
1979	24	2701.8
1979	25	1257.1
1979	26	1304.2
1979	27	5247.5
1979	28	6536.7
1979	29	3340.4
1979	30	3851.6
1979	31	4859.9
1979	32	4377.6
1979	33	9769.8
1979	34	7121.900000000001
1979	35	3774.9
1979	36	2275.0
1979	37	3192.2000000000003
1979	38	3814.7
1979	39	13550.3
1979	40	21183.6
1979	41	24345.5
1979	42	16854.5
1979	43	13749.6
1979	44	19097.1
1979	45	14608.0
1979	46	10838.1
1979	47	9521.4
1979	48	5805.200000000001
1979	49	9672.3
1979	50	9724.6
1979	51	7382.700000000001
1979	52	3998.8
1980	1	3779.4
1980	2	2206.1
1980	3	1492.6999999999998
1980	4	1469.1
1980	5	1560.6999999999998
1980	6	1267.3
1980	7	1004.6
1980	8	1109.8
1980	9	1292.8
1980	10	2808.9
1980	11	3716.0
1980	12	2628.0
1980	13	2916.4
1980	14	2342.5
1980	15	3846.8
1980	16	5944.1
1980	17	5512.5
1980	18	4411.7
1980	19	6528.799999999999
1980	20	6284.8
1980	21	4833.700000000001
1980	22	4275.200000000001
1980	23	3697.2
1980	24	8953.8
1980	25	7882.6
1980	26	7036.4
1980	27	7108.8
1980	28	8663.400000000001
1980	29	5317.5
1980	30	3122.4
1980	31	8844.9
1980	32	10811.4
1980	33	6666.700000000001
1980	34	8997.4
1980	35	7506.8
1980	36	7482.3
1980	37	4403.9
1980	38	3245.7
1980	39	4622.799999999999
1980	40	11202.2
1980	41	8387.3
1980	42	9650.4
1980	43	15404.5
1980	44	14688.9
1980	45	10005.2
1980	46	6741.2
1980	47	7431.099999999999
1980	48	6105.2
1980	49	5505.7
1980	50	5173.7
1980	51	5409.5
1980	52	6753.400000000001
1981	1	3888.5
1981	2	2922.6
1981	3	3419.4
1981	4	4932.900000000001
1981	5	6702.1
1981	6	8554.2
1981	7	10715.3
1981	8	4543.0
1981	9	4037.7
1981	10	2562.5
1981	11	2273.7
1981	12	1449.6
1981	13	1216.8
1981	14	900.3
1981	15	950.1
1981	16	751.9
1981	17	1382.8000000000002
1981	18	4050.4
1981	19	5440.4
1981	20	7565.0
1981	21	5764.799999999999
1981	22	3190.2
1981	23	2528.1
1981	24	3450.0
1981	25	3345.1
1981	26	4599.8
1981	27	3423.4
1981	28	2244.9
1981	29	4234.799999999999
1981	30	2804.6
1981	31	3521.8
1981	32	7463.9
1981	33	3708.2
1981	34	2184.3
1981	35	1085.3
1981	36	1758.1
1981	37	6188.0
1981	38	7626.799999999999
1981	39	7862.2
1981	40	4250.1
1981	41	3131.9
1981	42	1742.5
1981	43	1653.3
1981	44	2179.2
1981	45	4250.0
1981	46	4247.0
1981	47	2542.1
1981	48	2086.0
1981	49	3727.6
1981	50	3533.3
1981	51	3458.5
1981	52	5026.099999999999
1982	1	2322.5
1982	2	1287.8
1982	3	1154.6
1982	4	845.3
1982	5	932.4
1982	6	1894.6
1982	7	4897.5
1982	8	5380.4
1982	9	3985.6
1982	10	2292.7
1982	11	1289.3
1982	12	1093.2
1982	13	977.9
1982	14	1156.0
1982	15	741.9
1982	16	628.2
1982	17	706.9
1982	18	587.3
1982	19	1217.5
1982	20	6092.7
1982	21	5443.4
1982	22	2972.9
1982	23	3977.3
1982	24	9207.9
1982	25	14511.2
1982	26	9794.6
1982	27	14111.0
1982	28	10108.5
1982	29	12454.8
1982	30	8596.8
1982	31	6831.2
1982	32	11710.6
1982	33	12927.3
1982	34	11428.6
1982	35	10963.7
1982	36	8580.9
1982	37	7122.6
1982	38	10643.2
1982	39	11280.1
1982	40	10296.0
1982	41	9386.4
1982	42	7018.6
1982	43	11736.0
1982	44	20019.7
1982	45	22295.9
1982	46	24674.3
1982	47	21066.4
1982	48	13708.0
1982	49	8415.4
1982	50	4627.099999999999
1982	51	3649.3
1982	52	3725.5
1983	1	2146.7000000000003
1983	2	2717.3
1983	3	3083.1
1983	4	2021.2
1983	5	2176.4
1983	6	2191.2
1983	7	3295.2000000000003
1983	8	10199.6
1983	9	15788.1
1983	10	17363.100000000002
1983	11	14694.9
1983	12	14782.7
1983	13	7597.9
1983	14	8409.4
1983	15	9776.5
1983	16	6400.400000000001
1983	17	18105.4
1983	18	18585.1
1983	19	26134.2
1983	20	23558.8
1983	21	21685.2
1983	22	18679.5
1983	23	11225.4
1983	24	6423.099999999999
1983	25	11163.8
1983	26	10067.7
1983	27	14914.5
1983	28	19118.3
1983	29	34031.3
1983	30	25799.0
1983	31	20624.3
1983	32	20358.6
1983	33	13109.2
1983	34	12995.0
1983	35	11131.1
1983	36	4762.0
1983	37	2651.7000000000003
1983	38	3569.3
1983	39	13229.0
1983	40	10907.3
1983	41	5961.4
1983	42	10507.5
1983	43	11100.9
1983	44	5445.3
1983	45	6107.2
1983	46	6691.799999999999
1983	47	6208.7
1983	48	3790.4
1983	49	1769.1999999999998
1983	50	1503.0
1983	51	1113.9
1983	52	1558.3000000000002
1984	1	1640.3000000000002
1984	2	3873.3
1984	3	4629.5
1984	4	3305.2
1984	5	3245.5
1984	6	6617.200000000001
1984	7	9134.7
1984	8	7055.799999999999
1984	9	12918.5
1984	10	7836.5
1984	11	4153.1
1984	12	1637.1
1984	13	5508.0
1984	14	5795.799999999999
1984	15	2934.5
1984	16	3857.8
1984	17	7631.299999999999
1984	18	8912.3
1984	19	8339.0
1984	20	14318.1
1984	21	12540.0
1984	22	20420.2
1984	23	18062.0
1984	24	16517.9
1984	25	15205.5
1984	26	16074.5
1984	27	16641.9
1984	28	18264.2
1984	29	16938.9
1984	30	11379.6
1984	31	7647.599999999999
1984	32	6975.4
1984	33	16813.7
1984	34	14122.8
1984	35	7296.6
1984	36	4579.2
1984	37	2710.0
1984	38	5247.6
1984	39	15034.6
1984	40	18501.1
1984	41	13486.6
1984	42	15571.0
1984	43	9725.3
1984	44	7613.0
1984	45	9492.9
1984	46	12656.0
1984	47	8503.4
1984	48	3764.0
1984	49	2669.6000000000004
1984	50	2391.5
1984	51	2652.7000000000003
1984	52	1749.1
1985	1	1305.6
1985	2	957.8
1985	3	756.7
1985	4	606.8000000000001
1985	5	596.9
1985	6	1048.4
1985	7	3572.6
1985	8	6259.1
1985	9	2860.7
1985	10	1680.9
1985	11	1459.1
1985	12	4526.8
1985	13	10998.4
1985	14	12076.9
1985	15	12429.2
1985	16	13828.5
1985	17	6164.299999999999
1985	18	5948.5
1985	19	11584.9
1985	20	12448.5
1985	21	10595.7
1985	22	13386.5
1985	23	8655.4
1985	24	4421.2
1985	25	4344.2
1985	26	10176.3
1985	27	14566.4
1985	28	9628.3
1985	29	5936.799999999999
1985	30	6606.700000000001
1985	31	15086.7
1985	32	19523.8
1985	33	13874.4
1985	34	6785.4
1985	35	6724.799999999999
1985	36	6499.3
1985	37	9144.1
1985	38	14558.0
1985	39	10929.6
1985	40	5630.1
1985	41	3467.8
1985	42	8692.8
1985	43	5981.4
1985	44	3965.3
1985	45	3876.2
1985	46	2362.2
1985	47	1131.5
1985	48	976.6
1985	49	796.0999999999999
1985	50	628.6
1985	51	579.0
1985	52	422.0
1986	1	429.0
1986	2	496.7
1986	3	623.4
1986	4	856.4
1986	5	1388.1
1986	6	1983.1
1986	7	1936.6
1986	8	1105.1
1986	9	1231.8
1986	10	2542.9
1986	11	8361.1
1986	12	11156.8
1986	13	4864.900000000001
1986	14	15270.1
1986	15	28795.1
1986	16	21294.5
1986	17	16350.3
1986	18	6580.599999999999
1986	19	3891.9
1986	20	10279.2
1986	21	20379.7
1986	22	17975.6
1986	23	15724.5
1986	24	8365.9
1986	25	6717.7
1986	26	10970.5
1986	27	11561.3
1986	28	4977.200000000001
1986	29	4623.5
1986	30	5335.5
1986	31	4741.9
1986	32	9950.9
1986	33	10382.6
1986	34	7249.2
1986	35	7650.0
1986	36	7365.4
1986	37	3912.2
1986	38	7937.7
1986	39	10461.9
1986	40	9368.6
1986	41	9757.6
1986	42	6632.900000000001
1986	43	3649.6
1986	44	11895.3
1986	45	20078.7
1986	46	16796.2
1986	47	14471.5
1986	48	17078.4
1986	49	12589.1
1986	50	5716.0
1986	51	3132.7
1986	52	2170.1
1987	1	1952.5
1987	2	3125.6
1987	3	5860.799999999999
1987	4	2358.1
1987	5	2315.2000000000003
1987	6	2987.0
1987	7	2690.4
1987	8	3254.8
1987	9	3229.4
1987	10	1560.0
1987	11	1152.5
1987	12	1833.9
1987	13	8546.6
1987	14	8770.199999999999
1987	15	8866.199999999999
1987	16	23948.5
1987	17	19455.6
1987	18	9645.0
1987	19	7812.4
1987	20	12874.1
1987	21	16566.8
1987	22	10551.3
1987	23	11317.6
1987	24	8107.900000000001
1987	25	5869.700000000001
1987	26	5158.6
1987	27	10258.9
1987	28	15568.4
1987	29	11031.4
1987	30	10847.1
1987	31	18914.6
1987	32	17610.5
1987	33	11102.1
1987	34	8754.7
1987	35	9446.8
1987	36	9181.7
1987	37	8133.700000000001
1987	38	6752.200000000001
1987	39	5980.0
1987	40	8756.0
1987	41	6131.7
1987	42	9612.5
1987	43	4806.200000000001
1987	44	4653.1
1987	45	4273.9
1987	46	4821.900000000001
1987	47	3338.6
1987	48	2067.0
1987	49	2353.0
1987	50	1975.6
1987	51	2019.8
1987	52	2000.1
1988	1	1707.5
1988	2	1560.1
1988	3	8066.400000000001
1988	4	10334.5
1988	5	10198.2
1988	6	6705.9
1988	7	3041.7
1988	8	1704.9
1988	9	1896.4
1988	10	1356.1
1988	11	1244.5
1988	12	1016.5
1988	13	1482.6
1988	14	1549.0
1988	15	950.6
1988	16	1651.1
1988	17	8626.6
1988	18	8479.4
1988	19	9196.3
1988	20	6131.200000000001
1988	21	4724.9
1988	22	5835.200000000001
1988	23	2447.5
1988	24	2470.5
1988	25	3568.2000000000003
1988	26	5762.3
1988	27	5870.3
1988	28	4113.6
1988	29	2549.5
1988	30	1731.2
1988	31	4423.400000000001
1988	32	3246.9
1988	33	2014.7
1988	34	2216.4
1988	35	1363.6
1988	36	1028.1
1988	37	1881.4
1988	38	6095.6
1988	39	12470.5
1988	40	11059.8
1988	41	5931.5
1988	42	2499.9
1988	43	1512.2
1988	44	3493.0
1988	45	3160.8
1988	46	1537.5
1988	47	1989.2
1988	48	2132.6
1988	49	1343.4
1988	50	1021.6
1988	51	746.9
1988	52	851.2
1989	1	806.2
1989	2	732.1
1989	3	877.6
1989	4	2565.6
1989	5	4144.0
1989	6	5887.8
1989	7	2369.2
1989	8	1868.3
1989	9	3207.9
1989	10	2304.9
1989	11	1643.7
1989	12	1141.5
1989	13	1210.3
1989	14	2316.7000000000003
1989	15	6769.5
1989	16	4519.3
1989	17	2317.3
1989	18	2375.0
1989	19	6160.0
1989	20	4066.9
1989	21	1935.3
1989	22	1319.0
1989	23	1102.2
1989	24	2195.5
1989	25	1492.6
1989	26	2191.5
1989	27	5164.0
1989	28	7895.099999999999
1989	29	3418.7000000000003
1989	30	2140.2
1989	31	2413.8
1989	32	3213.3
1989	33	3746.9
1989	34	4336.8
1989	35	6462.4
1989	36	6792.4
1989	37	7138.700000000001
1989	38	15402.5
1989	39	14530.2
1989	40	11551.1
1989	41	6888.1
1989	42	4868.200000000001
1989	43	3907.1
1989	44	5526.3
1989	45	4892.6
1989	46	2921.2
1989	47	2826.7000000000003
1989	48	2325.0
1989	49	2091.8
1989	50	1285.6
1989	51	1322.8000000000002
1989	52	1495.0
1990	1	1262.7
1990	2	1394.7
1990	3	1449.3
1990	4	3174.5
1990	5	9006.8
1990	6	4357.6
1990	7	6084.299999999999
1990	8	5118.0
1990	9	3586.8
1990	10	5035.4
1990	11	11005.9
1990	12	9465.3
1990	13	7603.9
1990	14	9069.2
1990	15	14253.0
1990	16	18308.2
1990	17	21018.6
1990	18	17375.0
1990	19	14833.3
1990	20	6751.0
1990	21	4218.2
1990	22	4434.4
1990	23	17365.7
1990	24	28894.2
1990	25	19196.3
1990	26	8634.800000000001
1990	27	6564.4
1990	28	5761.099999999999
1990	29	4866.9
1990	30	7056.5
1990	31	4678.2
1990	32	2997.5
1990	33	2026.9
1990	34	3312.6
1990	35	4824.5
1990	36	3474.3
1990	37	7898.2
1990	38	9090.3
1990	39	10553.7
1990	40	11945.9
1990	41	10114.1
1990	42	13065.2
1990	43	16459.3
1990	44	9572.4
1990	45	9917.4
1990	46	15998.3
1990	47	17996.8
1990	48	9252.0
1990	49	6269.299999999999
1990	50	12772.6
1990	51	8203.699999999999
1990	52	5158.8
1991	1	2562.2
1991	2	1640.5
1991	3	972.6
1991	4	917.4
1991	5	822.2
1991	6	2616.3
1991	7	1816.7
1991	8	770.5
1991	9	701.8
1991	10	558.1999999999999
1991	11	485.7
1991	12	914.5
1991	13	764.1
1991	14	549.2
1991	15	1711.4
1991	16	9990.0
1991	17	12215.3
1991	18	9038.3
1991	19	4305.5
1991	20	1605.6
1991	21	3003.7
1991	22	5385.8
1991	23	3555.0
1991	24	4790.5
1991	25	7844.9
1991	26	10013.1
1991	27	11837.0
1991	28	5880.2
1991	29	8736.3
1991	30	11906.8
1991	31	8291.0
1991	32	7014.0
1991	33	4648.8
1991	34	3855.8
1991	35	2493.4
1991	36	1926.6
1991	37	1698.0
1991	38	2813.1
1991	39	2777.1
1991	40	1722.5
1991	41	1786.8
1991	42	7330.9
1991	43	6726.0
1991	44	3383.0
1991	45	2294.3
1991	46	1534.1
1991	47	1984.0
1991	48	2754.9
1991	49	2920.1000000000004
1991	50	4701.1
1991	51	6108.700000000001
1991	52	8682.5
1992	1	8262.9
1992	2	6580.0
1992	3	2640.6
1992	4	1538.7
1992	5	1570.2
1992	6	1503.1
1992	7	3364.8
1992	8	2889.7
1992	9	4723.0
1992	10	9223.0
1992	11	5736.4
1992	12	3197.7
1992	13	3935.2
1992	14	9663.3
1992	15	9835.1
1992	16	15103.6
1992	17	14310.0
1992	18	17897.4
1992	19	11124.1
1992	20	13863.3
1992	21	11911.8
1992	22	12170.0
1992	23	17825.8
1992	24	34481.4
1992	25	21424.0
1992	26	13698.1
1992	27	7366.5
1992	28	12370.7
1992	29	16209.1
1992	30	7829.0
1992	31	6744.5
1992	32	6293.6
1992	33	6087.4
1992	34	6620.7
1992	35	6318.1
1992	36	5328.8
1992	37	5693.3
1992	38	4819.7
1992	39	5278.4
1992	40	8370.4
1992	41	6622.8
1992	42	3300.5
1992	43	2725.9
1992	44	4541.5
1992	45	8780.3
1992	46	4845.5
1992	47	3333.2
1992	48	2559.4
1992	49	2911.1
1992	50	3497.2
1992	51	1724.5
1992	52	1669.5
1993	1	3056.5
1993	2	3212.6000000000004
1993	3	3508.6
1993	4	4741.099999999999
1993	5	7145.9
1993	6	4758.099999999999
1993	7	3862.6
1993	8	2161.1
1993	9	2280.3
1993	10	2545.3
1993	11	8041.8
1993	12	3639.4
1993	13	2529.6
1993	14	2204.0
1993	15	3069.3
1993	16	4222.7
1993	17	2568.7
1993	18	3314.6
1993	19	17149.5
1993	20	16499.1
1993	21	11774.5
1993	22	5478.5
1993	23	9056.5
1993	24	11267.6
1993	25	9070.1
1993	26	5493.4
1993	27	5402.5
1993	28	14015.4
1993	29	10617.2
1993	30	5698.8
1993	31	5491.299999999999
1993	32	4181.6
1993	33	2558.2000000000003
1993	34	1961.9
1993	35	3135.2
1993	36	2823.0
1993	37	1360.0
1993	38	1225.1
1993	39	5291.9
1993	40	8956.6
1993	41	9962.1
1993	42	5597.299999999999
1993	43	8456.5
1993	44	13097.8
1993	45	6378.1
1993	46	11001.5
1993	47	14449.5
1993	48	9179.1
1993	49	10149.8
1993	50	12393.2
1993	51	8308.2
1993	52	4273.0
1994	1	2407.2000000000003
1994	2	2781.8
1994	3	1361.0
1994	4	1003.9
1994	5	1597.6
1994	6	2766.3
1994	7	5314.6
1994	8	13141.3
1994	9	12993.3
1994	10	6926.799999999999
1994	11	3709.5
1994	12	3667.5
1994	13	2906.4
1994	14	2710.6
1994	15	2438.9
1994	16	1818.4
1994	17	3906.5
1994	18	9232.3
1994	19	7372.799999999999
1994	20	5936.299999999999
1994	21	5466.2
1994	22	8987.5
1994	23	11339.7
1994	24	10005.0
1994	25	9794.2
1994	26	11992.8
1994	27	10512.3
1994	28	15388.4
1994	29	12417.8
1994	30	6449.3
1994	31	16307.9
1994	32	10557.5
1994	33	6604.6
1994	34	4603.0
1994	35	4832.2
1994	36	4760.4
1994	37	2899.3
1994	38	9029.4
1994	39	5106.5
1994	40	3393.0
1994	41	6420.7
1994	42	7503.799999999999
1994	43	12291.7
1994	44	13570.3
1994	45	8812.9
1994	46	9991.4
1994	47	6439.1
1994	48	3852.0
1994	49	3904.4
1994	50	3761.2
1994	51	2085.7
1994	52	1868.8
1995	1	2639.2
1995	2	4273.3
1995	3	6244.1
1995	4	5799.0
1995	5	3221.8
1995	6	2532.6
1995	7	2329.3
1995	8	2446.1
1995	9	5010.6
1995	10	9548.7
1995	11	6128.4
1995	12	3125.9
1995	13	2465.5
1995	14	2577.8
1995	15	1878.6
1995	16	1239.8
1995	17	2637.4
1995	18	4144.7
1995	19	3372.6
1995	20	3667.8
1995	21	1787.4
1995	22	1180.9
1995	23	941.2
1995	24	3105.8
1995	25	4133.3
1995	26	3130.5
1995	27	6188.4
1995	28	6500.9
1995	29	7187.2
1995	30	7324.0
1995	31	7190.4
1995	32	6371.3
1995	33	5445.1
1995	34	3819.2
1995	35	2803.5
1995	36	1611.0
1995	37	2125.8
1995	38	3348.3
1995	39	3161.2
1995	40	10717.3
1995	41	12570.6
1995	42	6968.8
1995	43	4348.1
1995	44	4233.0
1995	45	5181.3
1995	46	2976.3
1995	47	1832.5
1995	48	1226.9
1995	49	737.0
1995	50	511.0
1995	51	433.9
1995	52	553.0
1996	1	1044.7
1996	2	975.8
1996	3	887.5
1996	4	5776.2
1996	5	7632.9
1996	6	6817.3
1996	7	9854.2
1996	8	6567.4
1996	9	4955.1
1996	10	4387.0
1996	11	3295.2
1996	12	2111.9
1996	13	3001.8
1996	14	11813.8
1996	15	13459.3
1996	16	8491.8
1996	17	10632.0
1996	18	4700.7
1996	19	2326.6
1996	20	1407.9
1996	21	1033.3
1996	22	858.2
1996	23	1144.7
1996	24	1169.5
1996	25	1596.1
1996	26	3786.9
1996	27	5797.3
1996	28	6298.2
1996	29	6365.4
1996	30	2647.2
1996	31	2177.7
1996	32	1745.7
1996	33	5402.4
1996	34	6322.3
1996	35	2523.1
1996	36	6472.4
1996	37	5516.9
1996	38	6426.3
1996	39	5516.6
1996	40	6670.2
1996	41	6159.6
1996	42	10034.4
1996	43	9415.6
1996	44	7038.8
1996	45	6864.8
1996	46	6469.7
1996	47	4863.3
1996	48	2363.4
1996	49	2195.2
1996	50	3083.4
1996	51	3464.4
1996	52	4725.0
1997	1	3458.3
1997	2	2148.2
1997	3	1752.5
1997	4	1747.4
1997	5	1638.7
1997	6	9460.8
1997	7	6753.6
1997	8	9082.2
1997	9	8200.8
1997	10	4654.7
1997	11	2937.1
1997	12	1830.7
1997	13	1313.5
1997	14	861.3
1997	15	705.8
1997	16	826.1
1997	17	1193.1
1997	18	1295.5
1997	19	852.6
1997	20	1519.5
1997	21	3958.4
1997	22	3823.8
1997	23	3288.2
1997	24	3615.2
1997	25	6902.7
1997	26	9416.1
1997	27	5300.0
1997	28	3922.9
1997	29	3327.9
1997	30	9826.0
1997	31	5247.2
1997	32	11182.6
1997	33	10881.1
1997	34	6460.200000000001
1997	35	5400.5
1997	36	4093.8
1997	37	3754.0
1997	38	2261.9
1997	39	2329.0
1997	40	6410.7
1997	41	12999.9
1997	42	25591.4
1997	43	29266.2
1997	44	20865.0
1997	45	24029.3
1997	46	29753.5
1997	47	20371.3
1997	48	10333.5
1997	49	6369.6
1997	50	4923.2
1997	51	11469.5
1997	52	18007.8
1998	1	29060.3
1998	2	25811.6
1998	3	13682.5
1998	4	11333.7
1998	5	19151.7
1998	6	22664.3
1998	7	24814.1
1998	8	16019.3
1998	9	10403.1
1998	10	19578.5
1998	11	11540.3
1998	12	17029.7
1998	13	12366.6
1998	14	10553.7
1998	15	17018.6
1998	16	27660.9
1998	17	27187.0
1998	18	24537.1
1998	19	17402.4
1998	20	11610.1
1998	21	17311.5
1998	22	11478.9
1998	23	7569.7
1998	24	15969.1
1998	25	13780.4
1998	26	9224.1
1998	27	9559.5
1998	28	6709.2
1998	29	5708.4
1998	30	11775.6
1998	31	9882.0
1998	32	8153.9
1998	33	6137.8
1998	34	14327.6
1998	35	17451.5
1998	36	16680.2
1998	37	14416.3
1998	38	11938.1
1998	39	12538.9
1998	40	9403.4
1998	41	8946.9
1998	42	8488.1
1998	43	6183.7
1998	44	6596.8
1998	45	3288.7
1998	46	2464.6
1998	47	2043.4
1998	48	1582.8
1998	49	1239.2
1998	50	1435.1
1998	51	2306.1
1998	52	2068.9
1999	1	1231.2
1999	2	687.7
1999	3	753.9
1999	4	1142.6
1999	5	2337.5
1999	6	4590.7
1999	7	3304.9
1999	8	2901.8
1999	9	1723.2
1999	10	1430.8
1999	11	1159.9
1999	12	1092.6
1999	13	1575.9
1999	14	4001.2
1999	15	4608.1
1999	16	7015.8
1999	17	4247.1
1999	18	2325.5
1999	19	2589.2
1999	20	1656.1
1999	21	1224.0
1999	22	4494.2
1999	23	5934.9
1999	24	5772.1
1999	25	5599.5
1999	26	12503.6
1999	27	12037.2
1999	28	15446.3
1999	29	8749.1
1999	30	7694.7
1999	31	6875.3
1999	32	4947.6
1999	33	3037.1
1999	34	1911.5
1999	35	1726.3
1999	36	2893.6
1999	37	5698.8
1999	38	6308.8
1999	39	2698.1
1999	40	1968.7
1999	41	6263.8
1999	42	9796.5
1999	43	10118.7
1999	44	3931.5
1999	45	3294.1
1999	46	2927.2
1999	47	1611.6
1999	48	1044.2
1999	49	830.5
1999	50	1006.4
1999	51	1885.3
1999	52	810.6
2000	1	511.0
2000	2	504.6
2000	3	718.0
2000	4	1368.3
2000	5	786.7
2000	6	717.9
2000	7	905.5
2000	8	638.7
2000	9	785.7
2000	10	1749.4
2000	11	1712.4
2000	12	1186.6
2000	13	5072.2
2000	14	8080.7
2000	15	3592.0
2000	16	3575.7
2000	17	4008.7
2000	18	8535.9
2000	19	11253.7
2000	20	14134.0
2000	21	8658.9
2000	22	5352.2
2000	23	5587.3
2000	24	14366.1
2000	25	7908.8
2000	26	8019.4
2000	27	11251.4
2000	28	15251.6
2000	29	12648.1
2000	30	4950.0
2000	31	3016.4
2000	32	2545.8
2000	33	2129.7
2000	34	3162.0
2000	35	3485.2
2000	36	3403.2
2000	37	4139.8
2000	38	17312.0
2000	39	15168.4
2000	40	10487.9
2000	41	6928.2
2000	42	11638.9
2000	43	16871.3
2000	44	13891.7
2000	45	7953.9
2000	46	5193.8
2000	47	3804.5
2000	48	3412.8
2000	49	3707.9
2000	50	1998.4
2000	51	1982.3
2000	52	3484.8
2001	1	4911.4
2001	2	6150.7
2001	3	9333.3
2001	4	9197.7
2001	5	10090.2
2001	6	10424.0
2001	7	7491.0
2001	8	5452.6
2001	9	7113.5
2001	10	4303.7
2001	11	2742.8
2001	12	6449.9
2001	13	9505.1
2001	14	6344.0
2001	15	7093.3
2001	16	6583.7
2001	17	6830.7
2001	18	17181.7
2001	19	14872.0
2001	20	8521.1
2001	21	7519.8
2001	22	11430.8
2001	23	17958.3
2001	24	11649.1
2001	25	7995.3
2001	26	5644.2
2001	27	6001.4
2001	28	5285.6
2001	29	7109.6
2001	30	9209.2
2001	31	5824.2
2001	32	3151.6
2001	33	5012.3
2001	34	4854.8
2001	35	5052.3
2001	36	12501.0
2001	37	10302.0
2001	38	6297.1
2001	39	4073.7
2001	40	14265.2
2001	41	18424.0
2001	42	15487.8
2001	43	11495.9
2001	44	9251.8
2001	45	6243.4
2001	46	7837.5
2001	47	5816.1
2001	48	3813.0
2001	49	2584.8
2001	50	2157.4
2001	51	2136.1
2001	52	1880.0
2002	1	1474.4
2002	2	994.2
2002	3	700.0
2002	4	854.7
2002	5	2672.8
2002	6	2356.0
2002	7	1201.6
2002	8	1152.4
2002	9	1231.4
2002	10	2665.2
2002	11	4784.4
2002	12	8335.5
2002	13	9251.6
2002	14	7377.5
2002	15	9373.8
2002	16	14418.6
2002	17	23616.4
2002	18	16318.6
2002	19	8891.5
2002	20	8124.4
2002	21	11161.4
2002	22	11234.2
2002	23	9741.2
2002	24	12000.7
2002	25	13520.1
2002	26	8077.7
2002	27	9465.2
2002	28	9209.7
2002	29	5947.1
2002	30	9330.5
2002	31	9924.6
2002	32	10248.3
2002	33	9816.2
2002	34	10389.5
2002	35	11737.2
2002	36	7860.4
2002	37	10804.7
2002	38	18038.2
2002	39	20404.3
2002	40	14414.4
2002	41	23947.2
2002	42	28331.0
2002	43	21686.6
2002	44	17991.0
2002	45	14592.8
2002	46	10240.3
2002	47	12416.2
2002	48	14311.8
2002	49	25301.8
2002	50	21915.3
2002	51	15156.1
2002	52	17505.2
2003	1	12189.7
2003	2	5862.6
2003	3	4819.4
2003	4	5161.6
2003	5	3724.6
2003	6	3850.7
2003	7	7692.2
2003	8	5945.9
2003	9	11889.5
2003	10	10433.2
2003	11	11337.8
2003	12	9909.9
2003	13	6491.3
2003	14	5855.0
2003	15	4614.3
2003	16	3017.2
2003	17	10703.3
2003	18	15056.4
2003	19	11865.4
2003	20	10121.4
2003	21	17521.0
2003	22	10188.8
2003	23	8807.1
2003	24	6031.6
2003	25	7777.3
2003	26	6422.4
2003	27	3416.9
2003	28	3534.8
2003	29	4308.1
2003	30	3469.5
2003	31	5150.6
2003	32	7890.3
2003	33	3395.1
2003	34	2153.5
2003	35	3170.0
2003	36	4609.3
2003	37	4819.9
2003	38	2612.7
2003	39	3690.2
2003	40	2036.5
2003	41	2705.1
2003	42	2726.5
2003	43	4249.7
2003	44	8563.9
2003	45	4009.0
2003	46	3659.5
2003	47	10826.7
2003	48	8254.5
2003	49	4841.4
2003	50	5664.0
2003	51	15279.3
2003	52	18840.0
2004	1	11206.0
2004	2	5070.0
2004	3	3208.0
2004	4	2579.0
2004	5	2384.0
2004	6	2042.0
2004	7	1797.0
2004	8	1333.0
2004	9	1285.0
2004	10	961.0
2004	11	853.0
2004	12	879.0
2004	13	619.0
2004	14	709.0
2004	15	897.0
2004	16	1119.0
2004	17	2253.0
2004	18	2724.0
2004	19	2091.0
2004	20	2829.0
2004	21	3026.0
2004	22	3309.0
2004	23	2395.0
2004	24	1819.0
2004	25	2346.0
2004	26	3661.0
2004	27	4826.0
2004	28	4374.0
2004	29	4109.0
2004	30	3926.0
2004	31	2320.0
2004	32	2062.0
2004	33	2243.0
2004	34	1657.0
2004	35	1592.0
2004	36	1716.0
2004	37	2589.0
2004	38	2748.0
2004	39	3364.0
2004	40	5433.0
2004	41	2874.0
2004	42	6738.0
2004	43	8081.0
2004	44	6930.0
2004	45	9617.0
2004	46	9807.0
2004	47	6771.0
2004	48	3241.0
2004	49	2817.0
2004	50	2616.0
2004	51	1919.0
2004	52	1465.0
2005	1	884.0
2005	2	962.0
2005	3	1132.0
2005	4	849.0
2005	5	1711.0
2005	6	1640.0
2005	7	724.0
2005	8	538.0
2005	9	699.0
2005	10	602.0
2005	11	935.0
2005	12	725.0
2005	13	774.0
2005	14	1602.0
2005	15	10153.0
2005	16	7532.0
2005	17	3987.0
2005	18	3833.0
2005	19	9065.0
2005	20	20464.0
2005	21	16611.0
2005	22	14789.0
2005	23	13877.0
2005	24	14163.0
2005	25	18740.0
2005	26	21039.0
2005	27	8945.0
2005	28	4081.0
2005	29	3282.0
2005	30	4239.0
2005	31	3908.0
2005	32	2030.0
2005	33	1727.0
2005	34	3411.0
2005	35	4461.0
2005	36	5722.0
2005	37	11500.0
2005	38	8675.0
2005	39	7506.0
2005	40	8662.0
2005	41	13511.0
2005	42	12306.0
2005	43	12857.0
2005	44	8494.0
2005	45	5726.0
2005	46	3656.0
2005	47	2415.0
2005	48	2463.0
2005	49	3574.0
2005	50	1845.0
2005	51	1050.0
2005	52	1106.0
2006	1	1051.0
2006	2	1209.0
2006	3	1794.0
2006	4	1314.0
2006	5	1416.0
2006	6	932.0
2006	7	713.0
2006	8	760.0
2006	9	1127.0
2006	10	1015.0
2006	11	1165.0
2006	12	946.0
2006	13	1558.0
2006	14	1785.0
2006	15	1310.0
2006	16	1618.0
2006	17	1453.0
2006	18	1144.0
2006	19	809.0
2006	20	654.0
2006	21	622.0
2006	22	2220.0
2006	23	4334.0
2006	24	2409.0
2006	25	2433.0
2006	26	5201.0
2006	27	2687.0
2006	28	1777.0
2006	29	1900.0
2006	30	1584.0
2006	31	2178.0
2006	32	3275.0
2006	33	3346.0
2006	34	4352.0
2006	35	2195.0
2006	36	2601.0
2006	37	2852.0
2006	38	3185.0
2006	39	3344.0
2006	40	2649.0
2006	41	4355.0
2006	42	3758.0
2006	43	3866.0
2006	44	3060.0
2006	45	5226.0
2006	46	4245.0
2006	47	6370.0
2006	48	5625.0
2006	49	2906.0
2006	50	1860.0
2006	51	2534.0
2006	52	8309.0
2007	1	4559.0
2007	2	2475.0
2007	3	2414.0
2007	4	2359.0
2007	5	2394.0
2007	6	2194.0
2007	7	1633.0
2007	8	2272.0
2007	9	7860.0
2007	10	13500.0
2007	11	9811.0
2007	12	6692.0
2007	13	11215.0
2007	14	7974.0
2007	15	5750.0
2007	16	7109.0
2007	17	8237.0
2007	18	12122.0
2007	19	14331.0
2007	20	8170.0
2007	21	11580.0
2007	22	9762.0
2007	23	3542.0
2007	24	3548.0
2007	25	5082.0
2007	26	5005.0
2007	27	3348.0
2007	28	4807.0
2007	29	6076.0
2007	30	6683.0
2007	31	5814.0
2007	32	5308.0
2007	33	5625.0
2007	34	6431.0
2007	35	6033.0
2007	36	4222.0
2007	37	2784.0
2007	38	4815.0
2007	39	11163.0
2007	40	11655.0
2007	41	11910.0
2007	42	13662.0
2007	43	11130.0
2007	44	9166.0
2007	45	11659.0
2007	46	7882.0
2007	47	10207.0
2007	48	4835.0
2007	49	3193.0
2007	50	2974.0
2007	51	2447.0
2007	52	1972.0
2008	1	2180.0
2008	2	1688.0
2008	3	2294.0
2008	4	1826.0
2008	5	1163.0
2008	6	1160.0
2008	7	981.0
2008	8	1252.0
2008	9	1796.0
2008	10	1865.0
2008	11	1375.0
2008	12	876.0
2008	13	752.0
2008	14	711.0
2008	15	730.0
2008	16	3460.0
2008	17	2445.0
2008	18	2778.0
2008	19	3289.0
2008	20	2070.0
2008	21	1628.0
2008	22	2953.0
2008	23	4644.0
2008	24	5752.0
2008	25	4621.0
2008	26	3867.0
2008	27	7484.0
2008	28	4813.0
2008	29	3324.0
2008	30	4311.0
2008	31	5415.0
2008	32	5409.0
2008	33	5236.0
2008	34	6169.0
2008	35	5604.0
2008	36	3830.0
2008	37	3814.0
2008	38	5053.0
2008	39	3151.0
2008	40	2277.0
2008	41	5110.0
2008	42	9840.0
2008	43	11661.0
2008	44	16021.0
2008	45	18971.0
2008	46	10807.0
2008	47	4873.0
2008	48	2852.0
2008	49	2531.0
2008	50	2150.0
2008	51	1867.0
2008	52	1576.0
2009	1	964.0
2009	2	879.0
2009	3	1342.0
2009	4	1671.0
2009	5	1738.0
2009	6	1381.0
2009	7	1092.0
2009	8	1380.0
2009	9	2490.0
2009	10	3192.0
2009	11	1739.0
2009	12	1180.0
2009	13	979.0
2009	14	987.0
2009	15	723.0
2009	16	601.0
2009	17	637.0
2009	18	484.0
2009	19	553.0
2009	20	642.0
2009	21	1217.0
2009	22	991.0
2009	23	2645.0
2009	24	1234.0
2009	25	1096.0
2009	26	2520.0
2009	27	2572.0
2009	28	3039.0
2009	29	4417.0
2009	30	5571.0
2009	31	3593.0
2009	32	6813.0
2009	33	10017.0
2009	34	7793.0
2009	35	5045.0
2009	36	7283.0
2009	37	10538.0
2009	38	16219.0
2009	39	10346.0
2009	40	11395.0
2009	41	13158.0
2009	42	9377.0
2009	43	6969.0
2009	44	6522.0
2009	45	12024.0
2009	46	16223.0
2009	47	31791.0
2009	48	33164.0
2009	49	26894.0
2009	50	19492.0
2009	51	11888.0
2009	52	11222.0
2010	1	6888.3
2010	2	12907.0
2010	3	11532.7
2010	4	11647.6
2010	5	12022.6
2010	6	17202.4
2010	7	9535.3
2010	8	14637.5
2010	9	8275.7
2010	10	3901.2
2010	11	2408.2000000000003
2010	12	4148.4
2010	13	4308.5
2010	14	2930.7
2010	15	1586.9
2010	16	2010.3
2010	17	5791.6
2010	18	13214.0
2010	19	6561.599999999999
2010	20	5930.0
2010	21	11321.5
2010	22	9685.3
2010	23	4840.200000000001
2010	24	4644.5
2010	25	5167.5
2010	26	5744.1
2010	27	4741.3
2010	28	4143.7
2010	29	11532.9
2010	30	15894.7
2010	31	13903.8
2010	32	8672.8
2010	33	5723.9
2010	34	3394.7
2010	35	4271.700000000001
2010	36	7923.200000000001
2010	37	8622.0
2010	38	9322.8
2010	39	9394.0
2010	40	5947.8
2010	41	3891.0
2010	42	3701.0
2010	43	3394.1
2010	44	2428.0
2010	45	2171.5
2010	46	1712.2
2010	47	1499.4
2010	48	1343.1999999999998
2010	49	1560.9
2010	50	5420.6
2010	51	9799.5
2010	52	4742.3
2011	1	2975.9
2011	2	2883.8
2011	3	2335.2
2011	4	1607.5
2011	5	2641.4
2011	6	4420.8
2011	7	5782.1
2011	8	5249.9
2011	9	5016.2
2011	10	3964.4
2011	11	1942.0
2011	12	2471.1
2011	13	2519.5
2011	14	7841.5
2011	15	4545.5
2011	16	4069.7
2011	17	7567.4
2011	18	6033.9
2011	19	3371.4
2011	20	4239.8
2011	21	5969.2
2011	22	4214.5
2011	23	2918.1
2011	24	3195.9
2011	25	5924.1
2011	26	11774.8
2011	27	9812.0
2011	28	5955.5
2011	29	8429.9
2011	30	12865.5
2011	31	14108.3
2011	32	9673.9
2011	33	10660.2
2011	34	8211.9
2011	35	7422.3
2011	36	9712.3
2011	37	8177.4
2011	38	7534.1
2011	39	5572.0
2011	40	5777.6
2011	41	7804.4
2011	42	8904.2
2011	43	6428.0
2011	44	5684.6
2011	45	4361.4
2011	46	3332.9
2011	47	3294.7
2011	48	2901.0
2011	49	1972.2
2011	50	1058.5
2011	51	1241.8
2011	52	3136.8
2012	1	1192.0
2012	2	715.0
2012	3	655.0
2012	4	897.0
2012	5	836.0
2012	6	2006.0
2012	7	1181.0
2012	8	1599.0
2012	9	3146.0
2012	10	3517.0
2012	11	2253.0
2012	12	1267.0
2012	13	1026.0
2012	14	1161.0
2012	15	1336.0
2012	16	1306.0
2012	17	1152.0
2012	18	846.0
2012	19	1079.0
2012	20	824.0
2012	21	1089.0
2012	22	767.0
2012	23	564.0
2012	24	1231.0
2012	25	3311.0
2012	26	2714.0
2012	27	3301.0
2012	28	3727.0
2012	29	2634.0
2012	30	1426.0
2012	31	1912.0
2012	32	4816.0
2012	33	3392.0
2012	34	10564.0
2012	35	4787.0
2012	36	2128.0
2012	37	1845.0
2012	38	3027.0
2012	39	4584.0
2012	40	3590.0
2012	41	23393.0
2012	42	16138.0
2012	43	11310.0
2012	44	9312.0
2012	45	10036.0
2012	46	4228.0
2012	47	2474.0
2012	48	1957.0
2012	49	2280.0
2012	50	4673.0
2012	51	8193.0
2012	52	11036.0
2013	1	9759.0
2013	2	10733.0
2013	3	11054.8
2013	4	4595.299999999999
2013	5	2787.3
2013	6	1871.6
2013	7	1668.9
2013	8	2761.0
2013	9	6136.8
2013	10	4245.900000000001
2013	11	5875.2
2013	12	11209.4
2013	13	8826.0
2013	14	4914.299999999999
2013	15	8510.9
2013	16	10217.7
2013	17	6891.099999999999
2013	18	4805.1
2013	19	7562.599999999999
2013	20	5031.5
2013	21	4434.9
2013	22	3976.8
2013	23	3576.8
2013	24	4059.5
2013	25	2267.3
2013	26	3739.0
2013	27	6269.3
2013	28	8817.2
2013	29	7456.0
2013	30	5004.8
2013	31	3368.8
2013	32	3153.8
2013	33	5736.1
2013	34	6687.0
2013	35	4881.5
2013	36	9326.0
2013	37	4268.6
2013	38	10759.1
2013	39	8062.4
2013	40	9546.4
2013	41	5315.4
2013	42	3767.1
2013	43	3241.5
2013	44	10530.2
2013	45	10585.1
2013	46	13634.6
2013	47	12195.2
2013	48	10576.9
2013	49	5622.8
2013	50	5908.8
2013	51	4236.0
2013	52	2160.0
2014	1	5322.5
2014	2	4729.4
2014	3	3520.7
2014	4	4654.2
2014	5	11585.7
2014	6	6940.4
2014	7	3825.7
2014	8	3954.9
2014	9	5105.9
2014	10	3230.9
2014	11	6054.8
2014	12	9082.9
2014	13	6720.700000000001
2014	14	8492.8
2014	15	11809.4
2014	16	7092.3
2014	17	4127.5
2014	18	11434.1
2014	19	8162.5
2014	20	4375.5
2014	21	8581.5
2014	22	9687.8
2014	23	9627.3
2014	24	9647.0
2014	25	6711.9
2014	26	14408.1
2014	27	33716.2
2014	28	19208.9
2014	29	11228.3
2014	30	11744.4
2014	31	10269.3
2014	32	6326.2
2014	33	4158.0
2014	34	3227.9
2014	35	2921.8
2014	36	10762.3
2014	37	15965.7
2014	38	10143.4
2014	39	8289.2
2014	40	20823.4
2014	41	21874.0
2014	42	11511.8
2014	43	9501.0
2014	44	10635.0
2014	45	10692.8
2014	46	6577.599999999999
2014	47	4475.0
2014	48	10251.4
2014	49	6837.4
2014	50	3660.1
2014	51	8754.0
2014	52	10867.9
2015	1	17640.399999999998
2015	2	20678.1
2015	3	13426.1
2015	4	9737.4
2015	5	6338.8
2015	6	4707.6
2015	7	3637.3
2015	8	4059.5
2015	9	5782.1
2015	10	5435.6
2015	11	3103.6
2015	12	2271.5
2015	13	1897.9
2015	14	2132.3
2015	15	2325.1
2015	16	2311.3
2015	17	3498.7000000000003
2015	18	3204.0
2015	19	3719.9
2015	20	2503.6
2015	21	2789.1
2015	22	7017.099999999999
2015	23	4087.2
2015	24	4731.400000000001
2015	25	8557.8
2015	26	7887.7
2015	27	8366.2
2015	28	9606.0
2015	29	15698.3
2015	30	16902.2
2015	31	10060.9
2015	32	10430.5
2015	33	18090.2
2015	34	9569.2
2015	35	6050.599999999999
2015	36	3645.8
2015	37	3112.1
2015	38	4935.6
2015	39	8545.5
2015	40	12777.0
2015	41	16929.9
2015	42	22946.2
2015	43	18922.2
2015	44	13928.2
2015	45	10224.9
2015	46	18629.9
2015	47	15960.2
2015	48	10118.2
2015	49	10204.7
2015	50	13884.4
2015	51	30169.2
2015	52	31112.800000000003
2016	1	22798.0
2016	2	13286.0
2016	3	6055.0
2016	4	3213.0
2016	5	3369.0
2016	6	6226.0
2016	7	5806.0
2016	8	5737.0
2016	9	4261.0
2016	10	4089.0
2016	11	5721.0
2016	12	3668.0
2016	13	7811.0
2016	14	14128.0
2016	15	13819.0
2016	16	28046.0
2016	17	22301.0
2016	18	14130.0
2016	19	7720.0
2016	20	7278.0
2016	21	6269.0
2016	22	7140.0
2016	23	4666.0
2016	24	2894.0
2016	25	2424.0
2016	26	9856.0
2016	27	10859.0
2016	28	8512.0
2016	29	7384.0
2016	30	5973.0
2016	31	3579.0
2016	32	2875.0
2016	33	2878.0
2016	34	3617.0
2016	35	6494.0
2016	36	8313.0
2016	37	5916.0
2016	38	4195.0
2016	39	3025.0
2016	40	1972.0
2016	41	2026.0
2016	42	7429.0
2016	43	14913.0
2016	44	15307.0
2016	45	11764.0
2016	46	6971.0
2016	47	3710.0
2016	48	3483.0
2016	49	2933.0
2016	50	2466.0
2016	51	2183.0
2016	52	4645.0
2017	1	5320.700000000001
2017	2	7658.4
2017	3	9544.5
2017	4	6337.2
2017	5	3839.5
2017	6	3479.2
2017	7	5454.8
2017	8	9598.7
2017	9	5911.4
2017	10	5544.700000000001
2017	11	8578.5
2017	12	7627.3
2017	13	4376.4
2017	14	2287.5
2017	15	8761.5
2017	16	14912.9
2017	17	10954.9
2017	18	13745.6
2017	19	9416.5
2017	20	14679.7
2017	21	18231.8
2017	22	22226.0
2017	23	27884.1
2017	24	30292.3
2017	25	21541.6
2017	26	9268.5
2017	27	6372.0
2017	28	5530.2
2017	29	4053.1
2017	30	3187.9
2017	31	3297.7
2017	32	5351.8
2017	33	13640.9
2017	34	10451.5
2017	35	10844.3
2017	36	7349.099999999999
2017	37	12026.3
2017	38	11679.9
2017	39	7919.5
2017	40	5508.2
2017	41	4159.0
2017	42	11146.0
2017	43	13243.1
2017	44	13103.5
2017	45	9458.1
2017	46	6528.2
2017	47	4174.0
2017	48	3859.4
2017	49	3058.3
2017	50	2033.5
2017	51	1491.7
2017	52	1479.1
2018	1	1824.8
2018	2	2350.9
2018	3	1560.2
2018	4	3399.5
2018	5	7836.0
2018	6	4457.200000000001
2018	7	2093.5
2018	8	1626.0
2018	9	1694.4
2018	10	1669.6
2018	11	1470.1
2018	12	2484.5
2018	13	4024.1
2018	14	5516.400000000001
2018	15	3965.1
2018	16	2277.8
2018	17	3068.6000000000004
2018	18	4870.900000000001
2018	19	9122.3
2018	20	5988.5
2018	21	3555.0
2018	22	3835.2
2018	23	5027.5
2018	24	3584.8
2018	25	3301.9
2018	26	2396.6
2018	27	5446.0
2018	28	6100.700000000001
2018	29	4506.4
2018	30	8373.1
2018	31	5777.2
2018	32	3567.6
2018	33	2328.6
2018	34	2362.8
2018	35	6029.0
2018	36	11311.7
2018	37	10929.6
2018	38	5462.099999999999
2018	39	5646.6
2018	40	12307.0
2018	41	12204.9
2018	42	9966.6
2018	43	9569.8
2018	44	5475.599999999999
2018	45	9292.1
2018	46	8185.700000000001
2018	47	8095.0
2018	48	9026.7
2018	49	7752.2
2018	50	6083.9
2018	51	9432.4
2018	52	9625.8
2019	1	7213.6
2019	2	13361.8
2019	3	28472.7
2019	4	26221.0
2019	5	17817.4
2019	6	9678.1
2019	7	3834.2
2019	8	3085.4
2019	9	4332.7
2019	10	3734.0
2019	11	4825.1
2019	12	7056.5
2019	13	6926.900000000001
2019	14	3737.5
2019	15	3349.8
2019	16	2801.6
2019	17	2917.1
2019	18	7808.099999999999
2019	19	7900.8
2019	20	13768.1
2019	21	13409.8
2019	22	10774.9
2019	23	12118.1
2019	24	8653.4
2019	25	13328.7
2019	26	4746.2
2019	27	3552.9
2019	28	4263.6
2019	29	2826.1
2019	30	4524.9
2019	31	10878.0
2019	32	8990.8
2019	33	7623.9
2019	34	3784.6
2019	35	3266.0
2019	36	4306.8
2019	37	6087.5
2019	38	4653.799999999999
2019	39	3381.7
2019	40	3983.3
2019	41	5698.299999999999
2019	42	6843.700000000001
2019	43	7183.900000000001
2019	44	9251.9
2019	45	15857.1
2019	46	13856.4
2019	47	7703.9
2019	48	5069.3
2019	49	5750.400000000001
2019	50	3834.7
2019	51	4851.9
2019	52	2177.0
2020	1	1139.3
2020	2	1297.9
2020	3	2381.5
2020	4	1710.9
2020	5	1452.6
2020	6	1321.6
2020	7	2200.6
2020	8	2173.5
2020	9	1257.1
2020	10	983.5
2020	11	917.2
2020	12	784.6999999999999
2020	13	516.3
2020	14	646.0999999999999
2020	15	677.1999999999999
2020	16	677.6
2020	17	1055.1
2020	18	806.3
2020	19	1103.6999999999998
2020	20	1909.4
2020	21	5890.799999999999
2020	22	3883.3
2020	23	5191.0
2020	24	9042.0
2020	25	6412.200000000001
2020	26	5019.7
2020	27	8395.6
2020	28	11183.3
2020	29	7680.3
2020	30	4870.2
2020	31	4245.0
2020	32	2784.4
2020	33	4336.599999999999
2020	34	4786.799999999999
2020	35	5515.2
2020	36	4671.2
2020	37	3707.7
2020	38	4402.7
2020	39	3735.8
2020	40	2923.3
2020	41	2152.2
2020	42	1583.5
2020	43	1520.4
2020	44	1295.0
2020	45	680.9
2020	46	663.9
2020	47	579.5
2020	48	1653.6
2020	49	2935.5
2020	50	2009.0
2020	51	1859.5
2020	52	1746.1
2021	1	1181.5
2021	2	1178.3000000000002
2021	3	1745.9
2021	4	2625.2000000000003
2021	5	7338.1
2021	6	7384.5
2021	7	3835.1
2021	8	2623.0
2021	9	1396.7
2021	10	1135.5
2021	11	1004.1
2021	12	1286.5
2021	13	2206.9
2021	14	2067.8
2021	15	4926.0
2021	16	1874.9
2021	17	1199.3
2021	18	1422.6999999999998
2021	19	1463.8
2021	20	1271.3
2021	21	2860.1
2021	22	3567.7
2021	23	6916.5
2021	24	5063.099999999999
2021	25	5056.3
2021	26	10082.9
2021	27	8822.2
2021	28	5624.0
2021	29	4205.0
2021	30	2596.0
2021	31	2637.3
2021	32	2713.3
2021	33	2261.0
2021	34	1672.6999999999998
2021	35	3081.1000000000004
2021	36	4986.1
2021	37	9066.6
2021	38	9378.1
2021	39	6045.7
2021	40	3942.6
2021	41	5777.5
2021	42	8739.800000000001
2021	43	5794.6
2021	44	3835.2
2021	45	2901.4
2021	46	1610.6
2021	47	1416.6
2021	48	1364.1999999999998
2021	49	1337.6
2021	50	1055.8
2021	51	783.2
2021	52	685.0
2022	1	563.3
2022	2	434.4
2022	3	828.2
2022	4	1888.2
2022	5	1752.3
2022	6	639.2
2022	7	588.3
2022	8	464.3
2022	9	1816.7000000000005
2022	10	2964.0
2022	11	2201.2
2022	12	1370.8000000000002
2022	13	4501.400000000001
2022	14	4914.5
2022	15	8161.2
2022	16	7258.700000000001
2022	17	9209.8
2022	18	11190.6
2022	19	13827.7
2022	20	8983.0
2022	21	4698.3
2022	22	8078.6
2022	23	12931.5
2022	24	9807.5
2022	25	6827.9
2022	26	12648.5
2022	27	11137.1
2022	28	7494.2
2022	29	11011.7
2022	30	9436.6
2022	31	8306.6
2022	32	9578.9
2022	33	7469.099999999999
2022	34	7246.299999999999
2022	35	4924.8
2022	36	4202.0
2022	37	3550.3
2022	38	2563.1
2022	39	2368.5
2022	40	2009.0
2022	41	3224.6
2022	42	10027.7
2022	43	6876.7
2022	44	3928.5
2022	45	3285.3
2022	46	2477.7000000000003
2022	47	2025.7
2022	48	1612.0
2022	49	1260.0
2022	50	1063.3
2022	51	945.2
2022	52	749.1